csl, 2013-05-15, 63.96, 63.31, 64.7, 63.005, 1059385
cba, 2013-05-15, 72.237798, 72.25769, 72.536178, 71.392388, 2899342
bhp, 2013-05-15, 31.17546, 30.83118, 31.22076, 30.54126, 11696862
wbc, 2013-05-15, 31.59770663, 31.28163079, 31.73598981, 31.04457391, 5806724
nab, 2013-05-15, 32.92906, 32.603713, 33.017791, 32.33752, 6180973
wow, 2013-05-15, 34.76, 34.39, 34.99, 34.39, 2708153
anz, 2013-05-15, 30.1, 29.98, 30.22, 29.67, 5440401
wes, 2013-05-15, 31.13026545, 30.8777604, 31.13747988, 30.60361206, 2402624
tcl, 2013-05-15, 6.79378858, 6.75529686, 6.80341151, 6.69755928, 3711846
tls, 2013-05-15, 5.02, 5.01, 5.04, 4.99, 26477130
fmg, 2013-05-15, 3.72, 3.59, 3.73, 3.545, 15770184
mqg, 2013-05-15, 46.101792, 46.200132, 46.583658, 45.82644, 2473892
rio, 2013-05-15, 57, 55.77, 57, 55.03, 3936266
gmg, 2013-05-15, 5.55, 5.45, 5.59, 5.365, 4368143
ncm, 2013-05-15, 16.29, 15.86, 16.32, 15.85, 5123424
wpl, 2013-05-15, 37.08375, 37.034305, 37.419976, 36.866192, 2027077
bxb, 2013-05-15, 9.39, 9.29, 9.43, 9.25, 9135396
fph, 2013-05-15, 2.28, 2.34, 2.36, 2.28, 753507
all, 2013-05-15, 4.34, 4.19, 4.37, 4.13, 1610449
asx, 2013-05-15, 38.641625, 38.720385, 38.88775, 38.3955, 444493
rhc, 2013-05-15, 34.91, 34.4, 35.21, 34.33, 433612
amc, 2013-05-15, 9.467445, 9.339135, 9.595755, 9.3070575, 3168955
apa, 2013-05-15, 6.45301339, 6.47219025, 6.64478199, 6.44342496, 2410451
shl, 2013-05-15, 14.7, 14.73, 14.94, 14.67, 972233
iag, 2013-05-15, 5.827185, 5.767419, 5.9118535, 5.747497, 5266027
syd, 2013-05-15, 3.66, 3.66, 3.73, 3.62, 4954111
coh, 2013-05-15, 73, 72.18, 73.86, 72.16, 251903
rea, 2013-05-15, 33.17, 33.3, 33.66, 33.15, 201805
xro, 2013-05-15, 11.2, 11.2, 11.3, 11.15, 15460
qbe, 2013-05-15, 15.6, 15.52, 15.75, 15.27, 6002411
sun, 2013-05-15, 12.904647, 12.853152, 12.97674, 12.760461, 2073610
scg, 2013-05-15, 3.41, 3.31, 3.42, 3.3, 13039419
agl, 2013-05-15, 14.50696, 14.39152, 14.63202, 14.37228, 2321106
nst, 2013-05-15, 0.785, 0.75, 0.8, 0.75, 1256692
dxs, 2013-05-15, 7.32, 7.14, 7.44, 7.11, 2991325
mfg, 2013-05-15, 8.12, 8.16, 8.4, 8.12, 277306
sto, 2013-05-15, 11.103975, 11.164938, 11.23461, 10.97334, 2929027
jhx, 2013-05-15, 10.86, 10.75, 10.86, 10.64, 891755
evn, 2013-05-15, 0.86272824, 0.85813926, 0.86731722, 0.83978334, 5688423
org, 2013-05-15, 11.144952, 11.19744, 11.267424, 11.06622, 3194910
rmd, 2013-05-15, 5.16, 5.09, 5.17, 5.06, 5923225
azj, 2013-05-15, 4.49, 4.45, 4.5, 4.44, 14188847
mgr, 2013-05-15, 1.835, 1.775, 1.835, 1.755, 15456330
aia, 2013-05-15, 2.544043, 2.544043, 2.563841, 2.524245, 126175
spk, 2013-05-15, 2.19, 2.17, 2.19, 2.1, 3896425
gpt, 2013-05-15, 4.16, 4.07, 4.18, 4.07, 3459795
llc, 2013-05-15, 11.33, 11, 11.33, 10.83, 2649860
cim, 2013-05-15, 19.66, 18.69, 19.68, 18.51, 2258666
twe, 2013-05-15, 6.160902, 6.180554, 6.278814, 6.101946, 3522714
ast, 2013-05-15, 1.27, 1.295, 1.31, 1.27, 4718338
afi, 2013-05-15, 5.69, 5.67, 5.71, 5.67, 352381
tpm, 2013-05-15, 3.7335, 3.704025, 3.75315, 3.67455, 1048467
ori, 2013-05-15, 23.63, 23.37, 23.7, 23.08, 1410278
sgp, 2013-05-15, 3.97, 3.9, 3.98, 3.87, 12217451
cpu, 2013-05-15, 10.75, 10.58, 10.92, 10.48, 2021146
tah, 2013-05-15, 3.5541, 3.564, 3.56895, 3.5145, 3295849
ccl, 2013-05-15, 13.36, 13.02, 13.38, 13.02, 3594795
cwn, 2013-05-15, 13.65, 13.5, 13.75, 13.4, 1247055
ctx, 2013-05-15, 22.57, 21.99, 22.58, 21.87, 553674
sek, 2013-05-15, 10.53, 10.21, 10.54, 10.02, 2144941
mcy, 2013-05-15, 2.1, 2.12, 2.14, 2.1, 5203774
osh, 2013-05-15, 7.678272, 7.561344, 7.736736, 7.532112, 3443915
reh, 2013-05-15, 4.47963, 4.47963, 4.47963, 4.47963, 59387
alx, 2013-05-15, 1.81828175, 1.82803125, 1.83973065, 1.78903325, 521105
sar, 2013-05-15, 0.157511145, 0.157511145, 0.159420371, 0.15273808, 4715625
arg, 2013-05-15, 6.79, 6.74, 6.82, 6.74, 124281
vcx, 2013-05-15, 2.7, 2.66, 2.71, 2.63, 5319567
qan, 2013-05-15, 1.75, 1.715, 1.75, 1.7, 5708554
dmp, 2013-05-15, 12.9827428, 12.934836, 13.1264632, 12.5515816, 115410
bsl, 2013-05-15, 5.12, 5.06, 5.19, 4.98, 2579304
amp, 2013-05-15, 5.67, 5.67, 5.79, 5.65, 8580583
vas, 2013-05-15, 66.66, 66.39, 67.12, 66.12, 8972
svw, 2013-05-15, 8.75, 8.42, 8.88, 8.41, 963390
alu, 2013-05-15, 1.65, 1.66, 1.66, 1.65, 121954
qub, 2013-05-15, 1.72174372, 1.74098108, 1.76021844, 1.72174372, 2657109
sol, 2013-05-15, 14.85, 14.9, 14.94, 14.82, 20833
nxt, 2013-05-15, 1.96978684, 1.97953826, 1.98928968, 1.96978684, 274599
awc, 2013-05-15, 1.06, 1.035, 1.06, 1.022, 6717097
wor, 2013-05-15, 22.59820816, 21.97727488, 22.79577784, 21.75148096, 1782599
ann, 2013-05-15, 17.2, 17.1, 17.28, 17, 748835
jbh, 2013-05-15, 17.18946, 16.883211, 17.298129, 16.705389, 464608
ipl, 2013-05-15, 3, 2.98, 3.01, 2.915, 11752142
cwy, 2013-05-15, 0.903808, 0.889072, 0.90872, 0.8596, 4989033
chc, 2013-05-15, 4.57, 4.49, 4.57, 4.46, 477317
hvn, 2013-05-15, 2.7241179, 2.6481843, 2.7336096, 2.6292009, 1969568
car, 2013-05-15, 10.09, 10.37, 10.47, 10.09, 1019256
ski, 2013-05-15, 1.80456, 1.794672, 1.819392, 1.769952, 3807651
stw, 2013-05-15, 49.69, 49.23, 49.77, 48.97, 173933
min, 2013-05-15, 9.74, 9.47, 9.78, 9.4, 1289341
bpt, 2013-05-15, 1.25952, 1.24968, 1.26444, 1.23, 4888542
bld, 2013-05-15, 4.267644, 4.202418, 4.28628, 4.165146, 5383707
tne, 2013-05-15, 1.6, 1.69, 1.69, 1.59, 125997
ilu, 2013-05-15, 10.93, 10.93, 11.03, 10.63, 4199368
ivv, 2013-05-15, 167.55, 168.18, 169.19, 167.5, 22522
cnu, 2013-05-15, 2.28, 2.31, 2.31, 2.27, 835688
ben, 2013-05-15, 11.05, 11.01, 11.15, 10.92, 538361
alq, 2013-05-15, 9.11719242, 8.37444762, 9.14504535, 8.355879, 4736399
yal, 2013-05-15, 15.15325, 15.15325, 15.15325, 15.15325, 94076
ozl, 2013-05-15, 4.25, 4.05, 4.27, 4.015, 5511151
igo, 2013-05-15, 3.44, 3.25, 3.44, 3.23, 717073
pme, 2013-05-15, 0.53, 0.525, 0.53, 0.525, 53000
cgf, 2013-05-15, 4.35, 4.28, 4.37, 4.25, 1726145
brg, 2013-05-15, 7.19, 7, 7.3, 6.96, 608957
fbu, 2013-05-15, 6.83422, 6.862855, 6.901035, 6.81513, 628910
mlt, 2013-05-15, 3.946, 3.986, 3.986, 3.946, 112170
rrl, 2013-05-15, 3.9, 3.83, 3.92, 3.81, 2207807
pmv, 2013-05-15, 7.8, 7.71, 7.82, 7.51, 1291426
mts, 2013-05-15, 4.17, 4.15, 4.19, 4.12, 4545009
sgr, 2013-05-15, 3.6, 3.55, 3.62, 3.53, 2090491
dow, 2013-05-15, 4.43398, 4.10379, 4.443414, 3.91511, 9503304
scp, 2013-05-15, 1.765, 1.79, 1.8, 1.765, 1390265
goz, 2013-05-15, 2.54736558, 2.55723909, 2.55723909, 2.53749207, 194789
bwp, 2013-05-15, 2.762208, 2.742336, 2.772144, 2.68272, 1053297
ptm, 2013-05-15, 5.18, 5.29, 5.3, 5.16, 2847662
nhf, 2013-05-15, 2.38, 2.39, 2.45, 2.38, 427959
boq, 2013-05-15, 9.600825, 9.502355, 9.640213, 9.482661, 1506890
nan, 2013-05-15, 0.475, 0.48, 0.49, 0.475, 379650
hta, 2013-05-15, 0.035, 0.035, 0.035, 0.035, 5475
flt, 2013-05-15, 39.49, 39.6, 40.31, 39.32, 644530
msb, 2013-05-15, 5.7519, 5.5242, 5.7816, 5.5044, 160184
bkw, 2013-05-15, 12.07, 12.18, 12.3, 11.99, 120529
sbm, 2013-05-15, 0.658512, 0.639144, 0.663354, 0.619776, 1953499
cmw, 2013-05-15, 1.08527202, 1.09518318, 1.09518318, 1.07040528, 2699465
nuf, 2013-05-15, 3.99782904, 4.04576464, 4.074526, 3.98824192, 673759
ire, 2013-05-15, 8.466472, 8.38844, 8.524996, 8.271392, 219886
ioz, 2013-05-15, 22.83, 22.6, 22.83, 22.5, 21321
pdl, 2013-05-15, 3.75, 3.69, 3.8, 3.61, 166584
whc, 2013-05-15, 2.29, 2.16, 2.3, 2.12, 15236183
slr, 2013-05-15, 0.97, 0.9, 0.98, 0.9, 11383486
ioo, 2013-05-15, 36.15, 36.25, 36.31, 36.15, 57326
csr, 2013-05-15, 1.93, 1.95, 1.97, 1.92, 2229066
voc, 2013-05-15, 2.362515, 2.43171, 2.43171, 2.342745, 267066
cqr, 2013-05-15, 4.36, 4.28, 4.39, 4.26, 694551
pnv, 2013-05-15, 0.085, 0.086, 0.088, 0.085, 428905
abc, 2013-05-15, 3.4, 3.38, 3.45, 3.37, 1572303
mff, 2013-05-15, 1.208375, 1.208375, 1.208375, 1.1938745, 316334
abp, 2013-05-15, 2.450406, 2.370718, 2.450406, 2.370718, 360742
skc, 2013-05-15, 3.65782, 3.618276, 3.667706, 3.618276, 401615
hls, 2013-05-15, 4.901184, 4.930128, 4.978368, 4.881888, 3978971
ivc, 2013-05-15, 11.95, 11.81, 11.99, 11.68, 237586
eld, 2013-05-15, 0.576227622, 0.56811174, 0.600575268, 0.56811174, 110490
ifl, 2013-05-15, 9, 8.94, 9.14, 8.9, 485720
gor, 2013-05-15, 0.06972, 0.066732, 0.06972, 0.066732, 915070
ppt, 2013-05-15, 45.74, 44.75, 45.74, 44.22, 111235
wam, 2013-05-15, 1.75, 1.74, 1.755, 1.73, 1046534
sul, 2013-05-15, 11.75, 11.7, 11.89, 11.51, 787960
bkl, 2013-05-15, 29.32, 28.9, 29.35, 28.9, 11325
aiz, 2013-05-15, 1.265, 1.26, 1.265, 1.26, 32583
ape, 2013-05-15, 4.91, 4.91, 4.94, 4.9, 31167
arb, 2013-05-15, 12.96, 13.03, 13.08, 12.94, 59768
sgm, 2013-05-15, 10.95, 10.48, 10.96, 10.11, 1237465
fnp, 2013-05-15, 1.47306913, 1.50272824, 1.50272824, 1.47306913, 25318
z1p, 2013-05-15, 0.33125625, 0.33125625, 0.33125625, 0.33125625, 1902
pru, 2013-05-15, 1.3110875, 1.256665, 1.34572, 1.2418225, 2598701
lyc, 2013-05-15, 6.3, 6.15, 6.3, 6, 1705294
evt, 2013-05-15, 8.7, 8.74, 8.8, 8.61, 46741
ddr, 2013-05-15, 0.86, 0.86, 0.86, 0.86, 10000
isx, 2013-05-15, 0.002, 0.002, 0.002, 0.002, 2150000
cda, 2013-05-15, 3.2, 3.25, 3.3, 3.18, 223092
ctd, 2013-05-15, 4.6106624, 4.7069184, 4.7935488, 4.6010368, 115634
vhy, 2013-05-15, 64.44, 63.92, 64.47, 63.68, 23083
eml, 2013-05-15, 0.29634, 0.29634, 0.29634, 0.29634, 11136
ina, 2013-05-15, 1.80859968, 1.78034031, 1.80859968, 1.75208094, 333307
rms, 2013-05-15, 0.219164, 0.209202, 0.219164, 0.209202, 980165
rsg, 2013-05-15, 0.81, 0.805, 0.815, 0.785, 6445148
iaf, 2013-05-15, 104.71, 104.82, 104.82, 104.71, 3758
nhc, 2013-05-15, 3.96, 3.9, 3.99, 3.82, 91981
bga, 2013-05-15, 2.83, 2.87, 2.87, 2.8, 54386
cuv, 2013-05-15, 2.01, 2, 2.05, 2, 13695
web, 2013-05-15, 3.15049876, 3.05988707, 3.15049876, 2.94836499, 621917
jhg, 2013-05-15, 27.6, 27.3, 27.6, 26.9, 427252
asb, 2013-05-15, 0.64, 0.65, 0.65, 0.64, 621238
mnd, 2013-05-15, 19.89, 18.4, 19.99, 17.9, 1925347
cip, 2013-05-15, 2.06649976, 2.10624014, 2.10624014, 2.06649976, 49143
avh, 2013-05-15, 0.0882523, 0.087369777, 0.0882523, 0.087369777, 535397
wlf, 2013-05-15, 75, 75, 75, 75, 475
obl, 2013-05-15, 1.886658, 1.866954, 1.891584, 1.866954, 240164
bki, 2013-05-15, 1.53323016, 1.53323016, 1.53323016, 1.5182961, 132583
aui, 2013-05-15, 7.237824, 7.257492, 7.27716, 7.237824, 14376
cia, 2013-05-15, 0.54, 0.54, 0.54, 0.54, 19140
zim, 2013-05-15, 9, 9, 9.01, 9, 5115
aub, 2013-05-15, 10.56304, 10.51368, 10.56304, 10.26688, 39041
ccp, 2013-05-15, 9.35, 9.19, 9.4, 9.13, 67591
ssm, 2013-05-15, 0.188653288, 0.20022165, 0.20022165, 0.18687354, 897447
ckf, 2013-05-15, 1.62606, 1.635975, 1.66572, 1.596315, 300231
dui, 2013-05-15, 3.149928, 3.130484, 3.149928, 3.130484, 42564
gnc, 2013-05-15, 5.696064, 5.6916, 5.696064, 5.682672, 1904075
lep, 2013-05-15, 2.69, 2.69, 2.73, 2.67, 137085
tgr, 2013-05-15, 2.02, 1.985, 2.02, 1.985, 97946
gud, 2013-05-15, 7.66, 7.67, 7.76, 7.61, 315397
cqe, 2013-05-15, 1.5311625, 1.49625, 1.5311625, 1.49625, 75435
shv, 2013-05-15, 3.11, 3.23, 3.23, 3.08, 84994
opt, 2013-05-15, 0.224802, 0.224802, 0.224802, 0.224802, 5129
sfr, 2013-05-15, 6.7, 6.41, 6.7, 6.28, 573609
ixj, 2013-05-15, 39.67, 39.805, 39.815, 39.67, 6600
vah, 2013-05-15, 0.447629, 0.452548, 0.452548, 0.4397586, 3401711
myx, 2013-05-15, 0.405619, 0.405619, 0.4103355, 0.405619, 426371
jin, 2013-05-15, 1.755, 1.72, 1.755, 1.7, 51814
agg, 2013-05-15, 3.65, 3.6, 3.65, 3.6, 2995
gem, 2013-05-15, 2.38, 2.43, 2.44, 2.32, 1086244
cni, 2013-05-15, 0.79114968, 0.80091696, 0.80091696, 0.79114968, 48461
mgx, 2013-05-15, 0.51, 0.495, 0.515, 0.48, 10889234
pni, 2013-05-15, 0.275, 0.275, 0.275, 0.275, 10000
gwa, 2013-05-15, 2.758239, 2.791206, 2.846151, 2.74725, 510886
nea, 2013-05-15, 0.27, 0.265, 0.275, 0.265, 2188036
prn, 2013-05-15, 1.537872, 1.451904, 1.537872, 1.404144, 3632271
dtl, 2013-05-15, 1.215, 1.23, 1.23, 1.21, 118930
ocl, 2013-05-15, 0.46, 0.47, 0.47, 0.44, 27050
nwh, 2013-05-15, 1.3, 1.235, 1.3, 1.225, 3361451
era, 2013-05-15, 0.76272, 0.748192, 0.76272, 0.740928, 941520
iem, 2013-05-15, 43.53, 44, 44.09, 43.53, 22393
hsn, 2013-05-15, 0.92, 0.925, 0.925, 0.92, 37166
kmd, 2013-05-15, 1.72993596, 1.73696822, 1.75103274, 1.71938757, 391490
sig, 2013-05-15, 0.81, 0.835, 0.84, 0.805, 4055709
hub, 2013-05-15, 0.78, 0.79, 0.79, 0.755, 66721
aac, 2013-05-15, 1.043622, 1.048323, 1.053024, 1.03422, 106557
maq, 2013-05-15, 8.8, 8.65, 8.8, 8.65, 103850
ax1, 2013-05-15, 0.585, 0.565, 0.59, 0.51, 898030
aef, 2013-05-15, 0.22, 0.22, 0.22, 0.22, 2000
coe, 2013-05-15, 0.34233114, 0.33815637, 0.34233114, 0.33815637, 74051
wsa, 2013-05-15, 3.08, 2.98, 3.08, 2.92, 621719
ifm, 2013-05-15, 0.485, 0.505, 0.515, 0.48, 756392
cin, 2013-05-15, 23.25, 22.65, 23.25, 22.61, 5866
iri, 2013-05-15, 1.07, 1.08, 1.08, 1.06, 83452
djw, 2013-05-15, 4.43, 4.35, 4.45, 4.35, 166584
mms, 2013-05-15, 16.62, 16.25, 16.62, 16.1, 163428
sfy, 2013-05-15, 52.7, 52.3, 52.77, 52, 6844
api, 2013-05-15, 0.465, 0.46, 0.467, 0.45, 805594
ifn, 2013-05-15, 0.2449, 0.249798, 0.249798, 0.240002, 1235575
aqg, 2013-05-15, 2.71, 2.59, 2.71, 2.56, 774405
iaa, 2013-05-15, 47.5, 47.85, 47.9, 47.5, 4652
ore, 2013-05-15, 1.49385, 1.473932, 1.49385, 1.404219, 68916
ieu, 2013-05-15, 42.7, 42.79, 42.94, 42.7, 8560
mah, 2013-05-15, 0.23, 0.225, 0.25, 0.21, 15467631
mvp, 2013-05-15, 1.41, 1.41, 1.415, 1.37, 62144
cmm, 2013-05-15, 0.1587795, 0.1587795, 0.1587795, 0.1587795, 6962
eqt, 2013-05-15, 15.1997, 15.1997, 15.1997, 15.1997, 748
akp, 2013-05-15, 3.1, 3.1, 3.1, 3.1, 1450
alk, 2013-05-15, 0.53946, 0.524475, 0.554445, 0.51948, 287681
slf, 2013-05-15, 10.4, 10.26, 10.42, 10.18, 71479
mnf, 2013-05-15, 1.52, 1.53, 1.53, 1.515, 222052
nck, 2013-05-15, 2.4, 2.4, 2.4, 2.4, 607
deg, 2013-05-15, 1.3856, 1.3856, 1.3856, 1.3856, 12268
ccx, 2013-05-15, 1.065, 1.03, 1.065, 0.96, 914003
whf, 2013-05-15, 3.92, 3.9, 3.93, 3.89, 40244
sxl, 2013-05-15, 1.595, 1.49, 1.595, 1.4, 2046348
bgl, 2013-05-15, 0.059696, 0.055104, 0.059696, 0.055104, 89503
imd, 2013-05-15, 1, 0.95, 1, 0.935, 794796
fxl, 2013-05-15, 4.348054, 4.533285, 4.572281, 4.318807, 1207372
tbr, 2013-05-15, 1.35, 1.35, 1.35, 1.35, 50000
pmc, 2013-05-15, 1.3525785, 1.3426695, 1.357533, 1.3426695, 192899
fgx, 2013-05-15, 697.4, 699.6, 699.6, 695.2, 44950
spl, 2013-05-15, 0.86, 0.89, 0.925, 0.86, 474201
ehl, 2013-05-15, 4.667947005, 4.282961685, 4.71607017, 4.282961685, 330384
vrl, 2013-05-15, 5.18832, 5.159496, 5.18832, 5.111456, 93233
cwp, 2013-05-15, 5.57, 5.58, 5.67, 5.55, 91019
fsf, 2013-05-15, 6.65, 6.65, 6.67, 6.65, 613356
mir, 2013-05-15, 2.34, 2.35, 2.36, 2.32, 68966
clv, 2013-05-15, 0.655, 0.65, 0.655, 0.65, 9163
ppc, 2013-05-15, 1.42, 1.4, 1.427, 1.385, 1177016
ive, 2013-05-15, 63.1, 63.55, 63.56, 63.1, 6625
mys, 2013-05-15, 4.74, 4.71, 4.78, 4.71, 52573
chn, 2013-05-15, 0.165, 0.16, 0.165, 0.16, 24069
leg, 2013-05-15, 0.007, 0.008, 0.008, 0.007, 3859051
ama, 2013-05-15, 0.306993, 0.316896, 0.3218475, 0.306993, 424377
bfg, 2013-05-15, 0.6654775, 0.64119, 0.6654775, 0.64119, 29142
cvn, 2013-05-15, 0.04987, 0.04987, 0.0508674, 0.04987, 363314
rmc, 2013-05-15, 0.94, 0.97, 0.97, 0.94, 39600
uos, 2013-05-15, 0.485, 0.49, 0.49, 0.48, 349728
ht1, 2013-05-15, 1.95749666, 1.95749666, 1.983253195, 1.90598359, 314629
pet, 2013-05-15, 0.0597, 0.0597, 0.0597, 0.0597, 30151
kar, 2013-05-15, 5.97675, 5.838825, 5.9905425, 5.7009, 1803645
ppk, 2013-05-15, 0.45, 0.45, 0.45, 0.45, 20197
ano, 2013-05-15, 0.13969214, 0.13969214, 0.13969214, 0.13969214, 28763
sxy, 2013-05-15, 0.705, 0.7, 0.722, 0.695, 4850658
zno, 2013-05-15, 3, 3, 3, 3, 222
mcp, 2013-05-15, 1.955, 1.985, 2, 1.95, 515091
ijp, 2013-05-15, 48.04, 48.52, 48.92, 48.04, 16817
stx, 2013-05-15, 0.094012, 0.089064, 0.094012, 0.0880744, 917412
grr, 2013-05-15, 0.175, 0.18, 0.18, 0.17, 1763343
mny, 2013-05-15, 0.818114, 0.808137, 0.818114, 0.79816, 69646
smr, 2013-05-15, 0.135884, 0.131031, 0.140737, 0.131031, 179271
aqz, 2013-05-15, 1.745, 1.735, 1.75, 1.71, 9113
pia, 2013-05-15, 0.8411975, 0.85613, 0.85613, 0.8411975, 285284
ami, 2013-05-15, 0.20895, 0.199, 0.20895, 0.199, 103277
twr, 2013-05-15, 1.53, 1.46, 1.53, 1.46, 2960
spx, 2013-05-15, 0.0389988, 0.0346656, 0.0389988, 0.0346656, 193852
omh, 2013-05-15, 0.382, 0.38, 0.385, 0.375, 233842
wax, 2013-05-15, 1.035, 1.04, 1.04, 1.025, 154109
amh, 2013-05-15, 0.93, 0.925, 0.95, 0.925, 57583
dub, 2013-05-15, 0.166675, 0.166675, 0.166675, 0.166675, 643
bck, 2013-05-15, 0.054, 0.053, 0.054, 0.053, 205000
cyl, 2013-05-15, 0.325, 0.33, 0.33, 0.325, 4600
pac, 2013-05-15, 6.55, 7, 7, 6.55, 66985
tgg, 2013-05-15, 0.931422825, 0.931422825, 0.941074875, 0.931422825, 1607275
ric, 2013-05-15, 0.785, 0.8, 0.81, 0.785, 200761
mcr, 2013-05-15, 0.71, 0.68, 0.715, 0.68, 327878
pdn, 2013-05-15, 0.814177, 0.80523, 0.832071, 0.787336, 7625724
dcn, 2013-05-15, 0.20233983, 0.20233983, 0.20233983, 0.20233983, 2076
cdv, 2013-05-15, 0.1, 0.08, 0.1, 0.08, 176000
srv, 2013-05-15, 3.79, 3.8, 3.8, 3.79, 9576
pyc, 2013-05-15, 0.01558246, 0.014803337, 0.018698952, 0.014803337, 320821
cdp, 2013-05-15, 5.76, 5.75, 5.86, 5.74, 24548
rul, 2013-05-15, 0.59, 0.59, 0.59, 0.59, 64773
inr, 2013-05-15, 0.036641126, 0.036641126, 0.036641126, 0.036641126, 22379
myr, 2013-05-15, 2.696256, 2.593274, 2.700937, 2.583912, 5594439
lvt, 2013-05-15, 0.45, 0.4, 0.45, 0.4, 50240
ngi, 2013-05-15, 0.845, 0.85, 0.85, 0.75, 70472
wpp, 2013-05-15, 1.485, 1.52, 1.52, 1.46, 436883
tgp, 2013-05-15, 0.485, 0.485, 0.485, 0.485, 10000
mld, 2013-05-15, 2.31, 2.3, 2.31, 2.22, 522198
ncz, 2013-05-15, 0.34875, 0.34875, 0.34875, 0.34875, 19556
ogc, 2013-05-15, 2.02, 1.935, 2.02, 1.93, 227141
aba, 2013-05-15, 6.14, 6.1, 6.18, 6.08, 31164
ksc, 2013-05-15, 2.05, 2.1, 2.1, 2.05, 22605
bwr, 2013-05-15, 0.8242098, 0.74178882, 0.8242098, 0.74178882, 15835
ltr, 2013-05-15, 0.014991024, 0.014054085, 0.014991024, 0.014054085, 541124
caj, 2013-05-15, 0.2, 0.2, 0.205, 0.2, 749829
bse, 2013-05-15, 0.3419354, 0.3419354, 0.34643455, 0.3419354, 35532
trs, 2013-05-15, 17.33949, 17.300634, 17.63091, 16.9995, 106026
lyl, 2013-05-15, 5.21, 5.225, 5.27, 5.14, 68205
ixi, 2013-05-15, 43.145, 43.45, 43.555, 43.12, 10824
pnr, 2013-05-15, 0.1595055, 0.154672, 0.1595055, 0.154672, 295088
fri, 2013-05-15, 1.66, 1.68, 1.7, 1.655, 448833
alf, 2013-05-15, 1.44, 1.44, 1.455, 1.435, 389083
mau, 2013-05-15, 0.11, 0.12, 0.12, 0.11, 35000
cvw, 2013-05-15, 0.6393192, 0.62948352, 0.6393192, 0.59997648, 32586
cdm, 2013-05-15, 1.3460815, 1.3363625, 1.350941, 1.3363625, 303571
neu, 2013-05-15, 0.84, 0.92, 0.96, 0.84, 1452216
rfg, 2013-05-15, 4.13, 4.15, 4.2, 4.02, 270940
clh, 2013-05-15, 1.7, 1.675, 1.72, 1.62, 201370
sdg, 2013-05-15, 1.7, 1.67, 1.7, 1.66, 259088
ima, 2013-05-15, 0.147405, 0.147405, 0.147405, 0.147405, 52576
avj, 2013-05-15, 0.415, 0.415, 0.415, 0.41, 474000
agi, 2013-05-15, 4.26, 4.16, 4.33, 4.04, 863635
mml, 2013-05-15, 2.71, 2.6, 2.74, 2.59, 911670
clq, 2013-05-15, 0.139328, 0.139328, 0.139328, 0.134352, 223958
ezl, 2013-05-15, 1.14, 1.115, 1.14, 1.11, 62841
alc, 2013-05-15, 0.022, 0.02, 0.022, 0.02, 310000
skt, 2013-05-15, 4.58, 4.58, 4.67, 4.57, 365808
ijr, 2013-05-15, 46.115, 46.12, 46.145, 46.075, 2190
vtg, 2013-05-15, 0.62, 0.62, 0.62, 0.62, 10000
avz, 2013-05-15, 0.0081567, 0.0081567, 0.0081567, 0.0081567, 33102
sfc, 2013-05-15, 4.4, 4.4, 4.4, 4.4, 2000
ggg, 2013-05-15, 0.271376, 0.281068, 0.281068, 0.26653, 422512
pbp, 2013-05-15, 0.31, 0.31, 0.31, 0.31, 10011
oku, 2013-05-15, 0.1, 0.1, 0.1, 0.1, 111432
so4, 2013-05-15, 1.394982, 1.343316, 1.394982, 1.343316, 23825
far, 2013-05-15, 0.029883, 0.0308791, 0.0308791, 0.029883, 850956
urf, 2013-05-15, 1.773076, 1.743688, 1.773076, 1.743688, 24844
mmi, 2013-05-15, 0.0703939, 0.0694296, 0.0703939, 0.0694296, 51851
fwd, 2013-05-15, 8.117226, 7.816588, 8.156018, 7.797192, 427839
slm, 2013-05-15, 1.9634, 2.002668, 2.002668, 1.943766, 56578
shj, 2013-05-15, 1.37564, 1.488639, 1.488639, 1.32651, 12241366
he8, 2013-05-15, 0.08, 0.08, 0.08, 0.08, 84440
cvc, 2013-05-15, 1.025, 1.02, 1.025, 1.02, 20000
ppg, 2013-05-15, 0.445459, 0.445459, 0.445459, 0.445459, 52249
rap, 2013-05-15, 0.005, 0.004, 0.005, 0.004, 1488149
mdr, 2013-05-15, 0.357, 0.357, 0.357, 0.357, 16776
hfr, 2013-05-15, 0.31, 0.31, 0.31, 0.31, 48709
swm, 2013-05-15, 2.287524, 2.287524, 2.297176, 2.239264, 1993626
ont, 2013-05-15, 6, 5.99, 6, 5.99, 1822
ewc, 2013-05-15, 0.32, 0.39, 0.42, 0.32, 9398248
cdd, 2013-05-15, 1.59794835, 1.51999965, 1.60054664, 1.4290595, 13158912
ajm, 2013-05-15, 0.1043855, 0.1043855, 0.1043855, 0.1043855, 11017
rex, 2013-05-15, 1.16, 1.155, 1.16, 1.155, 54000
dnk, 2013-05-15, 0.353304, 0.353304, 0.372932, 0.34349, 270752
bcn, 2013-05-15, 0.00273705, 0.00273705, 0.00273705, 0.00273705, 3180309
rnd, 2013-05-15, 0.36, 0.35, 0.36, 0.35, 34495
bsa, 2013-05-15, 0.178163, 0.178163, 0.178163, 0.178163, 149301
sfg, 2013-05-15, 0.071811395, 0.0727204, 0.0727204, 0.071811395, 30229
jrv, 2013-05-15, 0.036590814, 0.036590814, 0.036590814, 0.036590814, 23955
avg, 2013-05-15, 0.45218, 0.45218, 0.45218, 0.45218, 2312
bdc, 2013-05-15, 0.0287071, 0.0287071, 0.0306869, 0.0277172, 1744030
atu, 2013-05-15, 0.744262725, 0.734659335, 0.744262725, 0.686642385, 243519
ccv, 2013-05-15, 1.22884, 1.23875, 1.23875, 1.213975, 858695
syr, 2013-05-15, 1.92328305, 1.88383109, 1.94300903, 1.790132685, 311216
wgo, 2013-05-15, 1.37091915, 1.37091915, 1.386151585, 1.355686715, 70036
m7t, 2013-05-15, 0.4, 0.4, 0.4, 0.4, 31
egg, 2013-05-15, 0.37, 0.37, 0.37, 0.37, 667
ijh, 2013-05-15, 121.32, 121.4, 121.55, 121.19, 2784
wic, 2013-05-15, 1.19, 1.18, 1.19, 1.18, 162155
fsa, 2013-05-15, 0.75, 0.75, 0.75, 0.75, 10800
icq, 2013-05-15, 0.52581406, 0.53077457, 0.54069559, 0.52085355, 200000
wja, 2013-05-15, 0.33874704, 0.33874704, 0.33874704, 0.33874704, 121684
sxe, 2013-05-15, 1.14, 1.135, 1.14, 1.09, 16500
ter, 2013-05-15, 2.29609, 2.19626, 2.346005, 2.046515, 411493
pcg, 2013-05-15, 2.76, 2.7, 2.76, 2.7, 13161
lau, 2013-05-15, 0.17, 0.17, 0.17, 0.17, 61616
tgm, 2013-05-15, 1.35, 1.3, 1.35, 1.3, 37611
apz, 2013-05-15, 1.8, 1.8, 1.85, 1.8, 43148
boc, 2013-05-15, 0.525, 0.525, 0.525, 0.525, 20000
sdv, 2013-05-15, 0.055758, 0.055758, 0.055758, 0.055758, 4369
izz, 2013-05-15, 38.01, 38.26, 38.3, 38.01, 19154
cup, 2013-05-15, 1.9, 1.9, 1.9, 1.9, 41590
axe, 2013-05-15, 0.155, 0.155, 0.155, 0.155, 33333
sky, 2013-05-15, 0.015, 0.017, 0.018, 0.015, 4103001
agd, 2013-05-15, 0.14034825, 0.17777445, 0.17777445, 0.14034825, 10688
gll, 2013-05-15, 0.119004, 0.119004, 0.119004, 0.119004, 5042
van, 2013-05-15, 0.2, 0.2, 0.2, 0.2, 5695
mrc, 2013-05-15, 0.09975, 0.09975, 0.09975, 0.09975, 27809
dws, 2013-05-15, 1.53, 1.55, 1.55, 1.53, 103562
srg, 2013-05-15, 0.49, 0.5, 0.5, 0.47, 4464733
etpmag, 2013-05-15, 22.94, 22.9, 23.1, 22.9, 6260
ans, 2013-05-15, 0.004, 0.003, 0.004, 0.003, 332500
sgh, 2013-05-15, 236.8884375, 245.2003125, 246.0315, 236.8884375, 9130
orr, 2013-05-15, 0.12, 0.12, 0.12, 0.12, 100000
pan, 2013-05-15, 0.24629454, 0.23717252, 0.25085555, 0.23717252, 621007
sdi, 2013-05-15, 0.53, 0.53, 0.53, 0.53, 7000
dgo, 2013-05-15, 0.344185864, 0.344185864, 0.344185864, 0.344185864, 830
pll, 2013-05-15, 0.06, 0.06, 0.06, 0.06, 59536
kcn, 2013-05-15, 1.765589, 1.746553, 1.770348, 1.727517, 1318165
fms, 2013-05-15, 0.046783681, 0.046783681, 0.04773845, 0.046783681, 2487157
svl, 2013-05-15, 0.932578977, 0.791279132, 0.932578977, 0.791279132, 17929
nmt, 2013-05-15, 0.074, 0.076, 0.076, 0.073, 176545
unv, 2013-05-15, 0.074, 0.071, 0.074, 0.071, 25446
mlx, 2013-05-15, 0.44921112, 0.44921112, 0.46792825, 0.43049399, 408938
som, 2013-05-15, 0.7660863, 0.7660863, 0.7660863, 0.7660863, 21146
pos, 2013-05-15, 0.18, 0.17, 0.18, 0.17, 301321
cam, 2013-05-15, 1.027152705, 1.02246251, 1.027152705, 1.02246251, 62364
aru, 2013-05-15, 0.11695749, 0.112459125, 0.121455855, 0.10796076, 266202
cel, 2013-05-15, 0.062, 0.06, 0.062, 0.06, 196666
csd, 2013-05-15, 0.071321, 0.071321, 0.071321, 0.071321, 12945
tlg, 2013-05-15, 0.13583034, 0.132057275, 0.13583034, 0.132057275, 26424
a2b, 2013-05-15, 4.99, 4.92, 4.99, 4.89, 295678
moc, 2013-05-15, 2.37, 2.31, 2.38, 2.29, 129014
tzn, 2013-05-15, 0.0233075, 0.0223752, 0.0233075, 0.0223752, 781709
bky, 2013-05-15, 0.285, 0.285, 0.29, 0.28, 209050
msv, 2013-05-15, 0.056898684, 0.056898684, 0.056898684, 0.056898684, 10545
wat, 2013-05-15, 1.11, 1.125, 1.125, 1.11, 7000
gdg, 2013-05-15, 0.17, 0.17, 0.17, 0.17, 68600
qpr, 2013-05-15, 47.5, 47.5, 47.5, 47.5, 10
adn, 2013-05-15, 0.080314735, 0.0698389, 0.080314735, 0.0698389, 3529977
ntu, 2013-05-15, 0.126009, 0.126009, 0.135702, 0.126009, 268235
ang, 2013-05-15, 3.77560351, 3.74557883, 3.79061585, 3.6780233, 88247
wlc, 2013-05-15, 0.175, 0.175, 0.175, 0.175, 15000
iko, 2013-05-15, 58.15, 58.15, 58.15, 58.15, 346
ara, 2013-05-15, 0.305, 0.305, 0.31, 0.305, 68000
has, 2013-05-15, 0.0535136, 0.04778, 0.0535136, 0.04778, 173713
moz, 2013-05-15, 0.672888, 0.672888, 0.672888, 0.672888, 236
nsc, 2013-05-15, 1.05, 1.05, 1.055, 1.04, 104108
hzn, 2013-05-15, 0.4192625, 0.4093975, 0.424195, 0.4093975, 1429294
imm, 2013-05-15, 0.84422, 0.834288, 0.864084, 0.774696, 138345
lsx, 2013-05-15, 0.6, 0.59, 0.6, 0.59, 64841
twd, 2013-05-15, 2.72, 2.74, 2.74, 2.72, 40544
st1, 2013-05-15, 1.035, 1.035, 1.035, 1.035, 435
elx, 2013-05-15, 0.18, 0.18, 0.18, 0.18, 4357
mrm, 2013-05-15, 3.41744095, 3.31092331, 3.41744095, 3.27541743, 442778
osl, 2013-05-15, 0.0382395, 0.03922, 0.03922, 0.037259, 371786
krr, 2013-05-15, 0.009604188, 0.009604188, 0.009604188, 0.009604188, 114533
aar, 2013-05-15, 0.05, 0.05, 0.05, 0.05, 10000
aop, 2013-05-15, 0.04420092, 0.05156774, 0.05156774, 0.04420092, 9502
nml, 2013-05-15, 0.082722, 0.082722, 0.082722, 0.082722, 60111
wec, 2013-05-15, 0.167024375, 0.167024375, 0.167024375, 0.167024375, 23859
tng, 2013-05-15, 0.064142136, 0.061469547, 0.064142136, 0.061469547, 777293
rkn, 2013-05-15, 2.306776, 2.26896, 2.306776, 2.26896, 13902
coi, 2013-05-15, 0.208236, 0.228068, 0.228068, 0.208236, 256938
cgr, 2013-05-15, 0.09615, 0.09615, 0.09615, 0.09615, 70723
mye, 2013-05-15, 1.01, 1.025, 1.11, 1, 28867
bit, 2013-05-15, 0.078025056, 0.0812761, 0.0812761, 0.078025056, 24959
ton, 2013-05-15, 0.06151113, 0.060519015, 0.06547959, 0.060519015, 279083
css, 2013-05-15, 0.22, 0.22, 0.24, 0.22, 150976
pgc, 2013-05-15, 0.2841003, 0.29357031, 0.298305315, 0.2841003, 49977
slx, 2013-05-15, 2.47, 2.46, 2.48, 2.45, 29929
cai, 2013-05-15, 3, 3, 3, 3, 5545
clf, 2013-05-15, 1.3, 1.33, 1.33, 1.3, 29512
bci, 2013-05-15, 2.876074, 2.815797, 2.884685, 2.781353, 262105
ptb, 2013-05-15, 0.37092, 0.37092, 0.37092, 0.37092, 6240
dyl, 2013-05-15, 0.806306, 0.78664, 0.806306, 0.78664, 47830
ntm, 2013-05-15, 0.03, 0.03, 0.03, 0.03, 235000
ttm, 2013-05-15, 87.5, 105, 105, 87.5, 34
grb, 2013-05-15, 0.1414175, 0.1414175, 0.1414175, 0.137377, 304418
eeg, 2013-05-15, 0.757055, 0.7969, 0.7969, 0.757055, 13600
ajl, 2013-05-15, 0.96912402, 0.9966169, 1.00349012, 0.96912402, 111261
cue, 2013-05-15, 0.13, 0.13, 0.13, 0.125, 210262
sta, 2013-05-15, 0.288024984, 0.32002776, 0.32002776, 0.288024984, 23248
bly, 2013-05-15, 220.84125, 203.56875, 222.075, 202.335, 43135
ttb, 2013-05-15, 2.68974, 2.68974, 2.68974, 2.68974, 2008
ctp, 2013-05-15, 0.4849425, 0.46185, 0.4849425, 0.46185, 616776
ftc, 2013-05-15, 1.59, 1.69, 1.69, 1.59, 48000
brb, 2013-05-15, 0.28208372, 0.28208372, 0.28208372, 0.28208372, 2411
try, 2013-05-15, 1.75446, 1.69614, 1.75446, 1.68642, 297703
mgv, 2013-05-15, 0.075, 0.072, 0.075, 0.071, 175000
ozg, 2013-05-15, 0.18, 0.18, 0.18, 0.18, 105260
tam, 2013-05-15, 0.0825, 0.07875, 0.0825, 0.07875, 203411
apw, 2013-05-15, 0.64, 0.62, 0.64, 0.62, 160250
caa, 2013-05-15, 0.2, 0.2, 0.2, 0.195, 75000
cyg, 2013-05-15, 2.86064, 2.9410955, 2.950035, 2.86064, 20273
qhl, 2013-05-15, 0.125125, 0.125125, 0.125125, 0.1203125, 48995
sdl, 2013-05-15, 0.1, 0.097, 0.1, 0.096, 8449519
lck, 2013-05-15, 0.026, 0.026, 0.026, 0.026, 13400
acf, 2013-05-15, 27, 27, 27, 27, 20
azy, 2013-05-15, 0.0509764, 0.0509764, 0.0509764, 0.0509764, 407443
lko, 2013-05-15, 0.006, 0.006, 0.006, 0.005, 4790966
ibc, 2013-05-15, 0.55797642, 0.55308189, 0.55797642, 0.55308189, 39534
mem, 2013-05-15, 0.523258368, 0.532280064, 0.532280064, 0.523258368, 16627
aml, 2013-05-15, 0.2, 0.22, 0.22, 0.2, 173623
ptl, 2013-05-15, 0.195, 0.195, 0.195, 0.195, 13296
dcg, 2013-05-15, 1.87, 1.73, 1.885, 1.71, 622120
bbc, 2013-05-15, 1, 1, 1, 1, 61909
kpt, 2013-05-15, 18.1379808, 18.1379808, 18.1379808, 18.1379808, 45
dxb, 2013-05-15, 0.09524, 0.09524, 0.09524, 0.09524, 9862
svm, 2013-05-15, 0.167416, 0.167416, 0.167416, 0.167416, 1354
sen, 2013-05-15, 0.014, 0.013, 0.014, 0.013, 356353
dgh, 2013-05-15, 0.5372065, 0.5372065, 0.5372065, 0.532278, 16232
wkt, 2013-05-15, 0.3162615, 0.3162615, 0.3162615, 0.3162615, 19
snd, 2013-05-15, 0.736125, 0.70668, 0.736125, 0.70668, 27805
fml, 2013-05-15, 0.8, 0.8, 0.8, 0.8, 74048
hil, 2013-05-15, 1.065, 1.06, 1.065, 1.035, 556642
rey, 2013-05-15, 0.3, 0.3, 0.3, 0.3, 20000
moy, 2013-05-15, 0.42958996, 0.408110462, 0.42958996, 0.408110462, 52422
ahz, 2013-05-15, 32.3454152, 34.19372464, 36.04203408, 32.3454152, 12918
meu, 2013-05-15, 0.0591356, 0.0562742, 0.0591356, 0.0562742, 640596
bbx, 2013-05-15, 0.017, 0.017, 0.017, 0.017, 63000
bis, 2013-05-15, 1.07, 1.07, 1.07, 1.07, 11030
tga, 2013-05-15, 2.049348, 2.058792, 2.058792, 2.021016, 448096
rxp, 2013-05-15, 0.71, 0.72, 0.72, 0.71, 411000
lbl, 2013-05-15, 0.12, 0.11, 0.12, 0.11, 183667
byi, 2013-05-15, 1.34, 1.34, 1.34, 1.34, 11521
czi, 2013-05-15, 0.165, 0.165, 0.175, 0.165, 476044
88e, 2013-05-15, 0.258284, 0.268218, 0.268218, 0.258284, 152859
fsi, 2013-05-15, 1.4, 1.39, 1.4, 1.39, 44569
brv, 2013-05-15, 0.265, 0.27, 0.27, 0.25, 156488
nam, 2013-05-15, 0.3, 0.31, 0.31, 0.3, 50959
jat, 2013-05-15, 0.023380875, 0.023380875, 0.023380875, 0.023380875, 267312
sns, 2013-05-15, 0.62, 0.61, 0.62, 0.61, 4800
mns, 2013-05-15, 0.042, 0.043, 0.043, 0.04, 197274
qtm, 2013-05-15, 0.007, 0.007, 0.007, 0.007, 9500
kov, 2013-05-15, 6.57, 6.48, 6.58, 6.48, 21815
waa, 2013-05-15, 1.1245745, 1.1245745, 1.1245745, 1.1245745, 110328
hrl, 2013-05-15, 0.14461356, 0.13256243, 0.14461356, 0.13256243, 6037
ipd, 2013-05-15, 0.057574006, 0.06500291, 0.066860136, 0.05571678, 792149
vmt, 2013-05-15, 0.15, 0.15, 0.15, 0.15, 119000
mxc, 2013-05-15, 0.028125, 0.0241875, 0.028125, 0.0241875, 55340
sas, 2013-05-15, 0.008333, 0.008333, 0.008333, 0.008333, 1833538
akm, 2013-05-15, 0.6297, 0.58772, 0.638096, 0.58772, 63488
bmn, 2013-05-15, 0.057, 0.057, 0.057, 0.055, 253374
dgr, 2013-05-15, 0.02583672, 0.02583672, 0.02583672, 0.02583672, 451506
swk, 2013-05-15, 0.335, 0.33, 0.335, 0.33, 14500
bcb, 2013-05-15, 2.32512, 2.32512, 2.32512, 2.32512, 1497
pen, 2013-05-15, 1.033448, 0.9937, 1.033448, 0.9937, 15921
gcy, 2013-05-15, 0.19496, 0.19496, 0.19496, 0.19496, 10053
atc, 2013-05-15, 0.1, 0.105, 0.105, 0.1, 67640
bru, 2013-05-15, 1.669302, 1.630254, 1.669302, 1.61073, 593275
gap, 2013-05-15, 0.31, 0.3, 0.31, 0.3, 89300
rsh, 2013-05-15, 0.215424, 0.2448, 0.264384, 0.205632, 6156725
bct, 2013-05-15, 0.190944, 0.181152, 0.190944, 0.181152, 5757
tig, 2013-05-15, 0.116467, 0.116467, 0.116467, 0.116467, 291928
erm, 2013-05-15, 0.053302, 0.05514, 0.05514, 0.053302, 179543
bol, 2013-05-15, 0.12, 0.13, 0.13, 0.12, 3033580
ihl, 2013-05-15, 0.39565452, 0.382466036, 0.39565452, 0.382466036, 6268
lpd, 2013-05-15, 0.054761376, 0.054761376, 0.054761376, 0.054761376, 19174
cka, 2013-05-15, 0.18, 0.18, 0.18, 0.175, 629342
jal, 2013-05-15, 0.25, 0.25, 0.25, 0.25, 104476
prt, 2013-05-15, 1.07, 1.085, 1.087, 1.06, 112240
rxl, 2013-05-15, 0.039772, 0.039772, 0.0407663, 0.0387777, 1557137
ado, 2013-05-15, 0.061152498, 0.062079051, 0.062079051, 0.061152498, 269254
kza, 2013-05-15, 1.68487, 1.68487, 1.68487, 1.635315, 62881
mpo, 2013-05-15, 0.29, 0.275, 0.29, 0.275, 216374
hch, 2013-05-15, 0.4904345, 0.4904345, 0.4904345, 0.485851, 90056
ubi, 2013-05-15, 0.66, 0.7, 0.7, 0.66, 178898
ads, 2013-05-15, 0.0418152, 0.0408196, 0.0428108, 0.0408196, 447971
ige, 2013-05-15, 0.1, 0.1, 0.125, 0.1, 24000
sfx, 2013-05-15, 0.54, 0.53, 0.54, 0.53, 135253
tap, 2013-05-15, 0.458315, 0.449982, 0.458315, 0.4458155, 205386
res, 2013-05-15, 0.235, 0.225, 0.235, 0.225, 96661
pex, 2013-05-15, 0.4598385, 0.4499495, 0.4598385, 0.4499495, 150672
pxs, 2013-05-15, 0.155, 0.15, 0.155, 0.15, 600631
auz, 2013-05-15, 0.010031362, 0.010031362, 0.010031362, 0.010031362, 317345
dna, 2013-05-15, 0.35982, 0.35982, 0.35982, 0.35982, 94032
sih, 2013-05-15, 0.072323212, 0.072323212, 0.072323212, 0.072323212, 33281
ird, 2013-05-15, 0.21102224, 0.21102224, 0.21102224, 0.21102224, 163935
oel, 2013-05-15, 0.065209292, 0.065209292, 0.065209292, 0.065209292, 170589
sei, 2013-05-15, 0.05015582, 0.049243896, 0.05015582, 0.049243896, 204866
bsr, 2013-05-15, 0.013, 0.013, 0.013, 0.013, 170833
pek, 2013-05-15, 0.159776265, 0.16461797, 0.169459675, 0.159776265, 871439
gtg, 2013-05-15, 0.074664, 0.0737307, 0.0755973, 0.0737307, 678239
eqx, 2013-05-15, 0.76, 0.75, 0.77, 0.75, 21860
vls, 2013-05-15, 0.877098, 0.877098, 0.877098, 0.877098, 232585
pm8, 2013-05-15, 0.26, 0.28, 0.28, 0.26, 42500
vmy, 2013-05-15, 0.28, 0.28, 0.28, 0.28, 37571
onx, 2013-05-15, 0.078003, 0.078003, 0.078003, 0.078003, 61365
lbt, 2013-05-15, 0.05, 0.049, 0.05, 0.049, 25000
krm, 2013-05-15, 0.52, 0.505, 0.525, 0.505, 67020
lcm, 2013-05-15, 1.5, 1.51, 1.51, 1.465, 131978
arv, 2013-05-15, 0.18572, 0.204292, 0.204292, 0.18572, 69082
cd1, 2013-05-15, 1.64, 1.64, 1.64, 1.64, 8750
pve, 2013-05-15, 0.0383355, 0.0383355, 0.0383355, 0.0383355, 454670
ksn, 2013-05-15, 0.7251075, 0.773448, 0.773448, 0.676767, 7822
ajx, 2013-05-15, 0.0778262, 0.0778262, 0.0778262, 0.0778262, 547935
mxi, 2013-05-15, 1.33, 1.3, 1.335, 1.3, 368153
eas, 2013-05-15, 0.4812675, 0.4812675, 0.4812675, 0.4812675, 10909
aiq, 2013-05-15, 0.275, 0.275, 0.275, 0.275, 44880
paa, 2013-05-15, 0.17474598, 0.17474598, 0.17474598, 0.17474598, 57226
bkt, 2013-05-15, 0.02, 0.02, 0.02, 0.02, 139167
mll, 2013-05-15, 0.307768, 0.277984, 0.307768, 0.277984, 3491748
lom, 2013-05-15, 0.200074896, 0.200074896, 0.200074896, 0.200074896, 114365
bno, 2013-05-15, 0.385, 0.405, 0.41, 0.38, 198229
tia, 2013-05-15, 0.959047474, 0.87186134, 0.959047474, 0.87186134, 69300
avl, 2013-05-15, 0.007975566, 0.007975566, 0.007975566, 0.007975566, 191836
prx, 2013-05-15, 0.448875, 0.448875, 0.448875, 0.4339125, 137934
hav, 2013-05-15, 0.3195864, 0.3101868, 0.328986, 0.3101868, 125537
mat, 2013-05-15, 0.4227315, 0.409095, 0.4318225, 0.409095, 571240
lng, 2013-05-15, 0.21, 0.2, 0.215, 0.2, 24858
toe, 2013-05-15, 0.086, 0.084, 0.086, 0.083, 274776
xam, 2013-05-15, 0.0409303, 0.0409303, 0.0409303, 0.0409303, 10217
gev, 2013-05-15, 1.60413, 1.60413, 1.74996, 1.60413, 22251
3dp, 2013-05-15, 0.087, 0.087, 0.087, 0.087, 26345
bud, 2013-05-15, 0.42, 0.38, 0.42, 0.38, 227084
chz, 2013-05-15, 0.1899926, 0.18049297, 0.1899926, 0.175743155, 26529
pdz, 2013-05-15, 0.31, 0.3, 0.31, 0.3, 45000
aiv, 2013-05-15, 0.069051375, 0.069051375, 0.069051375, 0.069051375, 434459
anp, 2013-05-15, 0.09, 0.081, 0.09, 0.081, 29459
ybr, 2013-05-15, 0.58, 0.59, 0.59, 0.58, 101500
ciw, 2013-05-15, 0.6593, 0.667975, 0.667975, 0.6593, 25678
blu, 2013-05-15, 0.04, 0.039, 0.04, 0.038, 688200
pg1, 2013-05-15, 80818.529796, 96982.2357552, 96982.2357552, 72736.6768164, 0
siv, 2013-05-15, 7.60957775, 7.55066489, 7.62921537, 7.45247679, 31970
cdy, 2013-05-15, 0.62, 0.58, 0.62, 0.58, 40426
dtz, 2013-05-15, 24.69786, 25.77168, 25.77168, 22.55022, 852
acr, 2013-05-15, 3.95, 3.89, 3.95, 3.8, 642767
egr, 2013-05-15, 0.058, 0.06, 0.06, 0.058, 310146
znc, 2013-05-15, 0.13114234, 0.13114234, 0.13114234, 0.13114234, 14946
ais, 2013-05-15, 0.21975, 0.1758, 0.21975, 0.1758, 294573
rxm, 2013-05-15, 0.28, 0.285, 0.285, 0.275, 119433
amg, 2013-05-15, 0.097335, 0.097335, 0.097335, 0.097335, 80906
kpo, 2013-05-15, 0.005711944, 0.004895952, 0.005711944, 0.004895952, 840747
mdi, 2013-05-15, 0.05497728, 0.05497728, 0.05497728, 0.05497728, 31431
mcm, 2013-05-15, 3.6, 3.64, 3.7, 3.6, 19
coo, 2013-05-15, 0.19, 0.18, 0.19, 0.18, 340863
hgl, 2013-05-15, 0.65, 0.65, 0.65, 0.65, 2000
oil, 2013-05-15, 0.084, 0.086, 0.086, 0.084, 76010
fct, 2013-05-15, 110.691, 100.149, 110.691, 100.149, 128
eve, 2013-05-15, 0.005692578, 0.006641341, 0.006641341, 0.005692578, 1172408
mei, 2013-05-15, 0.0222019, 0.0222019, 0.0222019, 0.0222019, 20719
rdm, 2013-05-15, 0.088092, 0.088092, 0.088092, 0.088092, 40866
hgo, 2013-05-15, 0.594016, 0.570568, 0.594016, 0.570568, 228382
ags, 2013-05-15, 0.537153225, 0.537153225, 0.55567575, 0.5186307, 124265
ntl, 2013-05-15, 0.010321155, 0.00793935, 0.010321155, 0.00793935, 565537
gml, 2013-05-15, 0.069, 0.069, 0.07, 0.069, 155000
cnw, 2013-05-15, 0.094, 0.094, 0.096, 0.094, 178000
tas, 2013-05-15, 0.062362052, 0.062362052, 0.062362052, 0.062362052, 21808
hrr, 2013-05-15, 1.1341746, 1.1341746, 1.1341746, 1.1341746, 3067
mce, 2013-05-15, 0.97, 0.94, 1.03, 0.92, 273396
gfl, 2013-05-15, 0.945345, 0.945345, 0.945345, 0.945345, 11054
gme, 2013-05-15, 0.02895465, 0.02895465, 0.02895465, 0.02895465, 17753
ame, 2013-05-15, 0.04934, 0.04934, 0.04934, 0.04934, 10134
au8, 2013-05-15, 58.790751195, 59.99759946, 61.204447725, 58.790751195, 1683
vpr, 2013-05-15, 0.023334, 0.023334, 0.023334, 0.023334, 33644
sau, 2013-05-15, 0.29673, 0.29673, 0.29673, 0.29673, 9436
rdh, 2013-05-15, 0.19, 0.22, 0.22, 0.19, 5500
aqx, 2013-05-15, 0.35309048, 0.35309048, 0.35309048, 0.35309048, 1699
tso, 2013-05-15, 0.071, 0.071, 0.071, 0.071, 62838
cdx, 2013-05-15, 0.072732675, 0.071762906, 0.072732675, 0.071762906, 111470
mgl, 2013-05-15, 0.022, 0.022, 0.022, 0.022, 1034
blg, 2013-05-15, 0.181343, 0.172497, 0.190189, 0.163651, 451108
nge, 2013-05-15, 0.48, 0.44, 0.48, 0.42, 44870
axi, 2013-05-15, 0.042, 0.041, 0.042, 0.041, 302853
vor, 2013-05-15, 0.1, 0.1, 0.1, 0.08, 13750
drx, 2013-05-15, 0.015, 0.015, 0.015, 0.015, 40000
gbz, 2013-05-15, 0.234125, 0.234125, 0.234125, 0.215395, 23492
pio, 2013-05-15, 0.024, 0.021, 0.024, 0.021, 322000
ajq, 2013-05-15, 0.25416936, 0.2588762, 0.2588762, 0.24946252, 222017
dtr, 2013-05-15, 0.06546, 0.06546, 0.06546, 0.0627325, 565562
dev, 2013-05-15, 0.01355995, 0.01355995, 0.01355995, 0.01355995, 525793
kai, 2013-05-15, 0.068586, 0.078384, 0.078384, 0.068586, 91855
mep, 2013-05-15, 0.145, 0.135, 0.145, 0.135, 28300
ath, 2013-05-15, 0.215, 0.23, 0.23, 0.21, 968747
a1m, 2013-05-15, 5, 5.6, 5.6, 4.9, 173767
vxr, 2013-05-15, 0.248326884, 0.248326884, 0.248326884, 0.248326884, 74948
gwr, 2013-05-15, 0.15, 0.15, 0.15, 0.15, 1067
fzr, 2013-05-15, 0.34, 0.34, 0.34, 0.34, 1924
frm, 2013-05-15, 0.105, 0.105, 0.105, 0.105, 66400
tps, 2013-05-15, 0.2325974, 0.2325974, 0.2325974, 0.2325974, 10318
vys, 2013-05-15, 0.115, 0.115, 0.115, 0.11, 30000
sor, 2013-05-15, 0.052, 0.052, 0.052, 0.052, 160000
rdg, 2013-05-15, 0.07, 0.06, 0.07, 0.06, 162500
imc, 2013-05-15, 0.106111131, 0.106111131, 0.106111131, 0.106111131, 3057
pmy, 2013-05-15, 0.014, 0.014, 0.014, 0.014, 45000
auc, 2013-05-15, 0.0222199, 0.0222199, 0.0222199, 0.0222199, 9378553
agr, 2013-05-15, 0.37, 0.345, 0.37, 0.345, 42000
asn, 2013-05-15, 0.0213334, 0.0213334, 0.0213334, 0.0213334, 103125
nwe, 2013-05-15, 0.029, 0.027, 0.029, 0.026, 1257841
pab, 2013-05-15, 0.024155604, 0.023260952, 0.024155604, 0.023260952, 1051023
tlm, 2013-05-15, 0.12, 0.115, 0.12, 0.115, 42909
wbe, 2013-05-15, 0.02047427, 0.02047427, 0.02047427, 0.02047427, 304322
avq, 2013-05-15, 0.255, 0.24, 0.255, 0.225, 291631
pwn, 2013-05-15, 0.175541, 0.175541, 0.1801605, 0.175541, 86806
msm, 2013-05-15, 0.270656394, 0.270656394, 0.270656394, 0.270656394, 743
exr, 2013-05-15, 0.279299916, 0.248266592, 0.279299916, 0.248266592, 39055
ovt, 2013-05-15, 0.32, 0.315, 0.32, 0.315, 164160
llo, 2013-05-15, 0.342, 0.342, 0.342, 0.342, 4737
rpm, 2013-05-15, 0.05, 0.05, 0.05, 0.05, 13000
hng, 2013-05-15, 0.4104608, 0.429552, 0.429552, 0.4104608, 115756
ixr, 2013-05-15, 0.0114712, 0.013236, 0.013236, 0.0114712, 159980
ce1, 2013-05-15, 0.108, 0.105, 0.108, 0.099, 678027
osp, 2013-05-15, 0.37602064, 0.3958112, 0.3958112, 0.37602064, 12731
lcl, 2013-05-15, 22.9548, 23.9982, 23.9982, 22.9548, 1077
azs, 2013-05-15, 0.716688, 0.676872, 0.716688, 0.676872, 51895
oda, 2013-05-15, 0.29028, 0.36285, 0.36285, 0.29028, 104696
mwr, 2013-05-15, 0.092261, 0.090298, 0.092261, 0.090298, 470515
kbc, 2013-05-15, 0.17, 0.17, 0.17, 0.17, 275000
dvn, 2013-05-15, 0.9, 0.9, 0.9, 0.9, 424349
ivr, 2013-05-15, 0.1127115, 0.107811, 0.1127115, 0.107811, 56117
abx, 2013-05-15, 0.195, 0.195, 0.2, 0.195, 99123
bnr, 2013-05-15, 0.0082584, 0.00752432, 0.0082584, 0.00752432, 742028
lcy, 2013-05-15, 0.04917966, 0.0465213, 0.04917966, 0.0465213, 180562
afr, 2013-05-15, 0.0883936, 0.0883936, 0.0893544, 0.0874328, 163966
rno, 2013-05-15, 0.25, 0.25, 0.25, 0.25, 50838
cgn, 2013-05-15, 10, 10, 20, 10, 486
euc, 2013-05-15, 0.4549545, 0.43329, 0.4549545, 0.43329, 11355
mgu, 2013-05-15, 0.014741632, 0.014741632, 0.014741632, 0.014741632, 108536
zgl, 2013-05-15, 0.28, 0.285, 0.285, 0.28, 33137
vms, 2013-05-15, 0.157146, 0.157146, 0.157146, 0.152384, 586483
cto, 2013-05-15, 0.053, 0.053, 0.053, 0.052, 233008
jrl, 2013-05-15, 0.2010845, 0.2010845, 0.2010845, 0.2010845, 3058
hnr, 2013-05-15, 0.017064, 0.017064, 0.017064, 0.0159975, 365682
tsc, 2013-05-15, 0.024395, 0.0251125, 0.0251125, 0.024395, 228571
fdm, 2013-05-15, 0.605, 0.595, 0.61, 0.595, 501765
nwc, 2013-05-15, 0.57144, 0.57144, 0.57144, 0.57144, 19250
ajj, 2013-05-15, 0.18, 0.18, 0.18, 0.18, 20000
cga, 2013-05-15, 0.3, 0.3, 0.3, 0.3, 833
mbm, 2013-05-15, 0.588, 0.756, 0.756, 0.588, 6695
may, 2013-05-15, 0.072, 0.073, 0.073, 0.072, 897663
pil, 2013-05-15, 0.058182, 0.058182, 0.058182, 0.058182, 16603
hpr, 2013-05-15, 0.19425, 0.19425, 0.19425, 0.19425, 1040699
ave, 2013-05-15, 0.1220625, 0.1220625, 0.1220625, 0.1220625, 116367
jcs, 2013-05-15, 0.021, 0.021, 0.021, 0.021, 549080
cce, 2013-05-15, 0.03, 0.032, 0.032, 0.03, 168320
cxm, 2013-05-15, 0.14, 0.135, 0.14, 0.135, 17028
tpp, 2013-05-15, 0.058098, 0.058098, 0.058098, 0.058098, 8778
kko, 2013-05-15, 0.29, 0.285, 0.29, 0.285, 82800
gul, 2013-05-15, 0.028, 0.028, 0.028, 0.028, 40000
fyi, 2013-05-15, 0.053, 0.053, 0.053, 0.053, 19
teg, 2013-05-15, 0.29721, 0.29721, 0.29721, 0.29721, 3028
pfg, 2013-05-15, 0.11, 0.11, 0.115, 0.11, 397246
dre, 2013-05-15, 0.028571248, 0.03571406, 0.03571406, 0.028571248, 3385636
msr, 2013-05-15, 0.05625, 0.05325, 0.05625, 0.05325, 760835
rim, 2013-05-15, 0.06, 0.06, 0.06, 0.06, 82000
alt, 2013-05-15, 0.01821694, 0.019127787, 0.019127787, 0.01821694, 96893
arq, 2013-05-15, 2.073968, 2.123823, 2.163707, 2.073968, 109733
acb, 2013-05-15, 0.05839044, 0.05839044, 0.05839044, 0.05839044, 54215
fpl, 2013-05-15, 1.1374545, 1.1374545, 1.1374545, 1.1374545, 102370
pxx, 2013-05-15, 0.557865, 0.58212, 0.58212, 0.557865, 15732
vmg, 2013-05-15, 0.013, 0.011, 0.013, 0.011, 10112319
adx, 2013-05-15, 0.015, 0.015, 0.015, 0.015, 266000
blv, 2013-05-15, 0.68625, 0.68625, 0.68625, 0.68625, 4374
cxu, 2013-05-15, 0.115, 0.1, 0.115, 0.1, 235000
avc, 2013-05-15, 5.051574, 4.88862, 5.051574, 4.88862, 185
bux, 2013-05-15, 0.4, 0.395, 0.4, 0.385, 44222
six, 2013-05-15, 0.727243, 0.770022, 0.770022, 0.684464, 30973
inv, 2013-05-15, 0.387765, 0.387765, 0.387765, 0.387765, 4455
asq, 2013-05-15, 0.13, 0.13, 0.13, 0.13, 300350
caz, 2013-05-15, 0.125, 0.125, 0.125, 0.125, 13065
mrv, 2013-05-15, 0.00466355, 0.00466355, 0.00466355, 0.00466355, 1398077
mel, 2013-05-15, 0.063, 0.063, 0.065, 0.063, 509186
gbm, 2013-05-15, 0.008, 0.008, 0.008, 0.008, 160000
pft, 2013-05-15, 4.7232706, 4.5603992, 4.8047063, 4.5603992, 10488
ect, 2013-05-15, 0.00675, 0.00675, 0.00675, 0.00675, 4226667
erl, 2013-05-15, 0.0212083, 0.0212083, 0.0212083, 0.0212083, 24943
aeb, 2013-05-15, 0.169995, 0.169995, 0.169995, 0.1619, 72884
awn, 2013-05-15, 0.485, 0.485, 0.485, 0.485, 71
mrq, 2013-05-15, 0.1235052, 0.1235052, 0.1235052, 0.1235052, 355248
mey, 2013-05-15, 0.7, 0.7, 0.7, 0.7, 11794
sho, 2013-05-15, 1.56, 1.56, 1.56, 1.56, 4250
hwk, 2013-05-15, 1.3, 1.4, 1.4, 1.2, 13183
bsm, 2013-05-15, 0.0066878, 0.0066878, 0.0066878, 0.0066878, 1495260
aou, 2013-05-15, 0.1, 0.1, 0.11, 0.1, 60000
odm, 2013-05-15, 0.0195006, 0.0195006, 0.0195006, 0.0195006, 26922
psa, 2013-05-15, 0.127192, 0.141868, 0.141868, 0.127192, 260098
abv, 2013-05-15, 0.132279808, 0.148814784, 0.148814784, 0.132279808, 31316
ikw, 2013-05-15, 0.03250125, 0.03250125, 0.03250125, 0.03250125, 240577
aqd, 2013-05-15, 0.019, 0.017, 0.019, 0.017, 50000
yow, 2013-05-15, 0.17, 0.18, 0.18, 0.165, 35143
srk, 2013-05-15, 0.073, 0.069, 0.073, 0.069, 49331
lmg, 2013-05-15, 0.008, 0.007, 0.008, 0.006, 1580000
aon, 2013-05-15, 0.935029368, 0.935029368, 0.935029368, 0.935029368, 566
xcd, 2013-05-15, 0.187082, 0.187082, 0.187082, 0.183264, 15075
evz, 2013-05-15, 0.37652, 0.37652, 0.37652, 0.37652, 2208
cym, 2013-05-15, 365.925, 365.925, 365.925, 365.925, 0
elt, 2013-05-15, 0.019526496, 0.019526496, 0.019526496, 0.019526496, 84501
wrm, 2013-05-15, 0.0434424, 0.0434424, 0.0434424, 0.0434424, 18718
pgm, 2013-05-15, 0.039048, 0.0380718, 0.039048, 0.0380718, 108663
lct, 2013-05-15, 0.047, 0.047, 0.047, 0.047, 48571
gle, 2013-05-15, 0.305, 0.305, 0.305, 0.305, 2995
gmr, 2013-05-15, 0.348225, 0.334296, 0.362154, 0.334296, 94555
sri, 2013-05-15, 0.912, 0.912, 0.912, 0.912, 2192
czn, 2013-05-15, 0.05, 0.047, 0.053, 0.045, 11572615
icn, 2013-05-15, 0.155, 0.15, 0.155, 0.15, 546467
kgm, 2013-05-15, 0.090006, 0.090006, 0.090006, 0.090006, 74662
mhi, 2013-05-15, 0.15, 0.15, 0.15, 0.15, 4000
aqc, 2013-05-15, 5.4999, 6.2856, 6.2856, 5.4999, 3309
auq, 2013-05-15, 0.0771108, 0.0771108, 0.0771108, 0.069202, 171960
lin, 2013-05-15, 0.426645, 0.426645, 0.426645, 0.426645, 1761
ady, 2013-05-15, 0.031, 0.03, 0.033, 0.03, 150483
czl, 2013-05-15, 0.225804683, 0.225804683, 0.225804683, 0.225804683, 17272
cap, 2013-05-15, 0.23955169, 0.23466288, 0.23955169, 0.23466288, 235231
oex, 2013-05-15, 0.06, 0.06, 0.06, 0.06, 77890
key, 2013-05-15, 0.0106337, 0.0106337, 0.0106337, 0.0106337, 206889
cla, 2013-05-15, 28, 28, 28, 28, 220
amd, 2013-05-15, 0.07, 0.07, 0.07, 0.07, 79298
buy, 2013-05-15, 0.017, 0.016, 0.017, 0.015, 925876
cxx, 2013-05-15, 0.16, 0.16, 0.16, 0.16, 10000
em1, 2013-05-15, 0.35, 0.35, 0.39375, 0.35, 19280
aur, 2013-05-15, 0.435, 0.455, 0.455, 0.405, 32051
ibg, 2013-05-15, 0.049, 0.05, 0.053, 0.049, 147600
tti, 2013-05-15, 0.0593652, 0.0593652, 0.0593652, 0.0593652, 81871
bdi, 2013-05-15, 0.002, 0.002, 0.002, 0.002, 11000
aup, 2013-05-15, 5.68, 5.67, 5.68, 5.67, 13191
max, 2013-05-15, 6.289269, 6.289269, 6.289269, 6.289269, 85
ptr, 2013-05-15, 0.30508396, 0.31834848, 0.31834848, 0.30508396, 16711
sgo, 2013-05-15, 0.19778, 0.217558, 0.217558, 0.19778, 124707
aph, 2013-05-15, 0.365, 0.36, 0.365, 0.36, 35338
mth, 2013-05-15, 0.2245806, 0.2245806, 0.2245806, 0.2245806, 4208
fel, 2013-05-15, 0.023, 0.018, 0.023, 0.018, 8000
cio, 2013-05-15, 1.60002, 1.60002, 1.60002, 1.60002, 312
sxa, 2013-05-15, 1.200024, 1.200024, 1.200024, 1.200024, 39999
jdr, 2013-05-15, 0.32, 0.32, 0.32, 0.32, 3368
nor, 2013-05-15, 0.319640002, 0.319640002, 0.319640002, 0.319640002, 13077
mnb, 2013-05-15, 0.011457886, 0.011978699, 0.012499512, 0.011457886, 3933658
cmc, 2013-05-15, 0.070485, 0.0742442, 0.0742442, 0.070485, 95765
pgi, 2013-05-15, 0.793632, 0.821976, 0.907008, 0.793632, 734673
mnw, 2013-05-15, 0.015, 0.015, 0.015, 0.015, 1000000
srh, 2013-05-15, 0.0978, 0.0978, 0.0978, 0.0978, 5422
nxm, 2013-05-15, 0.075, 0.075, 0.075, 0.075, 12000
pcl, 2013-05-15, 0.075, 0.075, 0.075, 0.074, 1124224
sud, 2013-05-15, 0.74023525, 0.762006875, 0.762006875, 0.74023525, 55029
sxx, 2013-05-15, 0.005, 0.004375, 0.005, 0.004375, 4673600
ncr, 2013-05-15, 0.12, 0.11, 0.125, 0.11, 256854
ahl, 2013-05-15, 5.0576, 5.0576, 5.0576, 5.0576, 277
gbe, 2013-05-15, 0.07, 0.068, 0.07, 0.067, 130000
lsr, 2013-05-15, 0.016034076, 0.016034076, 0.016034076, 0.016034076, 11626
sop, 2013-05-15, 0.186256, 0.186256, 0.186256, 0.186256, 64427
rmg, 2013-05-15, 0.033, 0.033, 0.033, 0.033, 41068
brk, 2013-05-15, 13.1, 13.6, 13.8, 13, 36710
1ag, 2013-05-15, 0.02948, 0.02948, 0.02948, 0.02948, 16961
dhr, 2013-05-15, 0.0201674, 0.0192507, 0.0201674, 0.0192507, 109087
cvv, 2013-05-15, 0.504118225, 0.40329458, 0.504118225, 0.40329458, 149964
ayr, 2013-05-15, 0.078224, 0.088002, 0.088002, 0.078224, 61420
esl, 2013-05-15, 0.0517192, 0.0517192, 0.0517192, 0.0517192, 60325
ida, 2013-05-15, 0.00980704, 0.009439276, 0.00980704, 0.0091941, 4701317
sgc, 2013-05-15, 0.03, 0.03, 0.03, 0.03, 75000
vpc, 2013-05-15, 0.0943124, 0.0943124, 0.0943124, 0.0943124, 164347
lsa, 2013-05-15, 1.125, 1.05, 1.125, 1.05, 5933
fnt, 2013-05-15, 0.207746799, 0.239707845, 0.239707845, 0.207746799, 1442
esr, 2013-05-15, 0.53574, 0.53574, 0.53574, 0.53574, 2800
tyx, 2013-05-15, 0.115, 0.115, 0.115, 0.115, 17000
tar, 2013-05-15, 0.65662968, 0.65662968, 0.65662968, 0.65662968, 16448
rmp, 2013-05-15, 0.05, 0.05, 0.05, 0.05, 106667
shk, 2013-05-15, 0.006, 0.006, 0.006, 0.006, 33700
jpr, 2013-05-15, 0.58, 0.58, 0.58, 0.58, 15000
ana, 2013-05-15, 0.415, 0.41, 0.415, 0.41, 72278
ajc, 2013-05-15, 0.0072855, 0.006678375, 0.0072855, 0.006678375, 711550
icg, 2013-05-15, 0.022647968, 0.022647968, 0.022647968, 0.021839112, 1226306
fun, 2013-05-15, 2.89484076, 3.0472008, 3.0472008, 2.89484076, 1983
sci, 2013-05-15, 0.07, 0.07, 0.07, 0.07, 8514
cux, 2013-05-15, 0.031, 0.031, 0.031, 0.031, 173000
qfy, 2013-05-15, 20.269347, 20.96829, 20.96829, 20.269347, 987
chk, 2013-05-15, 0.05174196, 0.05174196, 0.05174196, 0.05174196, 11596
srz, 2013-05-15, 0.058, 0.06, 0.062, 0.058, 886370
tmx, 2013-05-15, 0.007, 0.007, 0.007, 0.007, 70000
mlm, 2013-05-15, 0.10496675, 0.11756276, 0.11756276, 0.10076808, 96837
tzl, 2013-05-15, 1.19388, 1.29337, 1.29337, 1.19388, 11237
dtm, 2013-05-15, 1.471373914, 1.471373914, 1.471373914, 1.471373914, 846
pua, 2013-05-15, 1.25, 1, 1.25, 1, 8574
bnl, 2013-05-15, 5.4, 6.225, 6.225, 5.4, 62421
gid, 2013-05-15, 0.62, 0.68, 0.68, 0.62, 72500
hhy, 2013-05-15, 0.505254, 0.505254, 0.509976, 0.505254, 235614
zmi, 2013-05-15, 4, 4, 4, 4, 2425
daf, 2013-05-15, 0.045, 0.042, 0.045, 0.042, 50000
sl1, 2013-05-15, 14.4, 14.4, 14.4, 13.8, 3125
thd, 2013-05-15, 0.0364449, 0.0364449, 0.0364449, 0.0364449, 11250
nse, 2013-05-15, 0.165, 0.16, 0.17, 0.16, 135977
aev, 2013-05-15, 0.153078, 0.14814, 0.153078, 0.14814, 249193
xpe, 2013-05-15, 0.02, 0.02, 0.02, 0.02, 32000
fin, 2013-05-15, 0.056, 0.054, 0.064, 0.054, 3829379
mgz, 2013-05-15, 0.03, 0.03, 0.03, 0.03, 60000
hlx, 2013-05-15, 0.053, 0.054, 0.054, 0.053, 14000
dcx, 2013-05-15, 0.0213884, 0.0184718, 0.0213884, 0.0184718, 259906
arm, 2013-05-15, 0.0349104, 0.0341831, 0.036365, 0.0341831, 266256
auh, 2013-05-15, 0.012, 0.012, 0.012, 0.012, 243206
ipb, 2013-05-15, 0.25, 0.26, 0.26, 0.25, 55750
ddt, 2013-05-15, 0.01805, 0.01805, 0.01805, 0.01805, 48421
cse, 2013-05-15, 0.155, 0.155, 0.155, 0.155, 100000
scn, 2013-05-15, 0.28, 0.2, 0.29, 0.2, 5686792
vic, 2013-05-15, 25.2, 26.25, 26.25, 25.2, 113
glv, 2013-05-15, 0.004, 0.004, 0.004, 0.004, 811710
ftt, 2013-05-15, 0.112233, 0.112233, 0.112233, 0.112233, 69498
stc, 2013-05-15, 0.019, 0.018, 0.019, 0.018, 135270
msg, 2013-05-15, 1.16269076, 1.16269076, 1.16269076, 1.16269076, 814
atp, 2013-05-15, 0.04, 0.04, 0.04, 0.04, 200000
cav, 2013-05-15, 0.017084, 0.017084, 0.017084, 0.017084, 70241
eax, 2013-05-15, 3.08, 3.08, 3.08, 3.08, 3000
enb, 2013-05-15, 0.0135392, 0.0135392, 0.0135392, 0.0135392, 59088
lml, 2013-05-15, 0.07300128, 0.07300128, 0.07300128, 0.07300128, 8081
ser, 2013-05-15, 0.021668517, 0.020001708, 0.021668517, 0.020001708, 139128
apg, 2013-05-15, 0.018, 0.018, 0.018, 0.018, 250000
anw, 2013-05-15, 0.005556964, 0.005556964, 0.005556964, 0.004763112, 1714973
mdx, 2013-05-15, 0.125636, 0.125636, 0.125636, 0.125636, 4123
sf1, 2013-05-15, 4.3804245, 4.3804245, 4.3804245, 4.3804245, 120
ims, 2013-05-15, 0.02, 0.02, 0.02, 0.02, 210000
ffr, 2013-05-15, 0.543928242, 0.49448022, 0.543928242, 0.49448022, 40447
dlc, 2013-05-15, 0.003, 0.003, 0.003, 0.003, 500000
mmr, 2013-05-15, 0.0401578, 0.0401578, 0.0401578, 0.0401578, 18676
blz, 2013-05-15, 0.5, 0.5, 0.5, 0.5, 1200
axt, 2013-05-15, 0.024, 0.022, 0.024, 0.022, 400000
mrd, 2013-05-15, 0.01225, 0.01225, 0.01225, 0.01225, 23919
bph, 2013-05-15, 0.1275, 0.1275, 0.1275, 0.1275, 333
kor, 2013-05-15, 0.065, 0.072, 0.072, 0.065, 130000
rmx, 2013-05-15, 0.16969728, 0.16969728, 0.16969728, 0.16969728, 9429
ggx, 2013-05-15, 0.027, 0.031, 0.031, 0.027, 147000
kmt, 2013-05-15, 9.2, 9.2, 9.2, 9.2, 375
cfe, 2013-05-15, 0.175, 0.17, 0.18, 0.165, 2237580
gte, 2013-05-15, 0.1603908, 0.1603908, 0.1603908, 0.1603908, 748
hor, 2013-05-15, 0.091, 0.086, 0.093, 0.086, 207222
wml, 2013-05-15, 0.554203125, 0.554203125, 0.58059375, 0.554203125, 39408
rds, 2013-05-15, 0.074769192, 0.074769192, 0.074769192, 0.074769192, 5818
cnj, 2013-05-15, 0.019596, 0.019596, 0.019596, 0.019596, 24787
jka, 2013-05-15, 0.10087175, 0.09683688, 0.10087175, 0.09683688, 91678
cmd, 2013-05-15, 0.016, 0.016, 0.016, 0.016, 82688
rne, 2013-05-15, 1.02830387, 0.9348217, 1.02830387, 0.9348217, 63489
bel, 2013-05-15, 0.165, 0.155, 0.165, 0.155, 63493
cul, 2013-05-15, 0.295495968, 0.295495968, 0.295495968, 0.295495968, 15215
utr, 2013-05-15, 0.0219432, 0.0228575, 0.0228575, 0.0219432, 560976
mgt, 2013-05-15, 0.02631804, 0.02631804, 0.02631804, 0.02631804, 76008
rcp, 2013-05-15, 0.16, 0.16, 0.16, 0.14, 813451
kgd, 2013-05-15, 0.03541239, 0.03268836, 0.03541239, 0.03268836, 624075
opl, 2013-05-15, 27.6614442, 27.6614442, 27.6614442, 27.6614442, 56
rdn, 2013-05-15, 5.33574, 5.33574, 5.33574, 5.33574, 3309
cml, 2013-05-15, 0.05786767, 0.05786767, 0.05786767, 0.05786767, 36169
gcr, 2013-05-15, 0.14, 0.12, 0.14, 0.12, 15000
val, 2013-05-15, 0.1125, 0.1125, 0.1125, 0.1, 756374
gla, 2013-05-15, 0.008, 0.008, 0.008, 0.006, 650000
mrr, 2013-05-15, 0.081584, 0.081584, 0.081584, 0.081584, 12257
cyq, 2013-05-15, 0.18055944, 0.20312937, 0.20312937, 0.18055944, 101514
tpd, 2013-05-15, 0.03396825, 0.030194, 0.03698765, 0.030194, 80486
trl, 2013-05-15, 0.480105444, 0.480105444, 0.480105444, 0.480105444, 1750
suh, 2013-05-15, 1.3358892, 1.2245651, 1.3358892, 1.2245651, 28206
sbr, 2013-05-15, 0.093, 0.091, 0.093, 0.091, 568290
rog, 2013-05-15, 0.05, 0.1, 0.1, 0.05, 112000
si6, 2013-05-15, 0.09984, 0.09984, 0.09984, 0.09984, 46887
ign, 2013-05-15, 0.295, 0.295, 0.295, 0.295, 107724
tkl, 2013-05-15, 0.0668472, 0.0668472, 0.0668472, 0.0668472, 10322
pgy, 2013-05-15, 1.500075, 1.500075, 1.500075, 1.500075, 11587
rag, 2013-05-15, 11.59956, 10.63293, 11.59956, 10.63293, 559
iec, 2013-05-15, 0.14, 0.14, 0.14, 0.14, 10000
abw, 2013-05-15, 1.08, 1.08, 1.08, 1.08, 6981
gge, 2013-05-15, 0.005833, 0.005833, 0.005833, 0.005833, 85719
kas, 2013-05-15, 13, 12.5, 13, 12.5, 1553
rmi, 2013-05-15, 0.05, 0.05, 0.05, 0.05, 20000
emp, 2013-05-15, 1.83222, 1.93401, 1.93401, 1.83222, 491
lrs, 2013-05-15, 2.1875, 1.640625, 2.1875, 1.640625, 186
pko, 2013-05-15, 0.32521, 0.32521, 0.32521, 0.32521, 1851
thr, 2013-05-15, 0.125, 0.125, 0.125, 0.125, 79900
hog, 2013-05-15, 0.063, 0.064, 0.064, 0.061, 244000
idz, 2013-05-15, 0.29462545, 0.29462545, 0.29462545, 0.29462545, 7445
prm, 2013-05-15, 18.286057152, 17.731934208, 18.286057152, 17.731934208, 1378
rny, 2013-05-15, 0.295, 0.3, 0.305, 0.295, 1372239
bsp, 2013-05-15, 0.102135, 0.102135, 0.102135, 0.102135, 32310
pow, 2013-05-15, 0.309240607, 0.309240607, 0.309240607, 0.309240607, 4204
efe, 2013-05-15, 0.05, 0.06, 0.06, 0.05, 34185
bmg, 2013-05-15, 0.058925142, 0.058925142, 0.058925142, 0.058925142, 20025
avw, 2013-05-15, 0.91, 1, 1, 0.91, 7500
mtb, 2013-05-15, 0.007, 0.007, 0.007, 0.007, 320714
nxe, 2013-05-15, 49.832925, 49.832925, 49.832925, 49.832925, 111
ccj, 2013-05-15, 0.0625, 0.0625, 0.0625, 0.0625, 160000
rbx, 2013-05-15, 0.213336, 0.213336, 0.213336, 0.213336, 3750
pbx, 2013-05-15, 0.027, 0.026, 0.027, 0.026, 31000
e2e, 2013-05-15, 0.09704625, 0.09704625, 0.09704625, 0.09704625, 108196
sam, 2013-05-15, 0.35, 0.35, 0.35, 0.35, 1000
aib, 2013-05-15, 1.03, 1.03, 1.03, 1.03, 2757
qtg, 2013-05-15, 0.2, 0.2, 0.2, 0.2, 2161
abl, 2013-05-15, 0.08023392, 0.08640576, 0.08640576, 0.08023392, 323880
ref, 2013-05-15, 0.04, 0.04, 0.04, 0.04, 24845
