csl, 2019-07-03, 217.03, 217.25, 219.59, 216.5, 576839
cba, 2019-07-03, 80.54, 80.95, 81.19, 80.12, 3356436
bhp, 2019-07-03, 42.16, 42.08, 42.33, 42.065, 4243087
wbc, 2019-07-03, 27.61, 27.9, 28.06, 27.51, 6473030
nab, 2019-07-03, 26.4, 26.62, 26.68, 26.18, 6689327
anz, 2019-07-03, 27.7, 27.79, 27.95, 27.45, 5314763
wow, 2019-07-03, 33.33, 33.82, 34.24, 33.225, 3761522
wes, 2019-07-03, 35.82, 36.41, 36.62, 35.68, 3004059
tcl, 2019-07-03, 14.79, 15.06, 15.11, 14.74, 4748353
tls, 2019-07-03, 3.8, 3.86, 3.88, 3.8, 33187075
mqg, 2019-07-03, 126.37, 127.33, 127.56, 125.91, 622285
fmg, 2019-07-03, 9.26, 9.4, 9.49, 9.22, 15123805
rio, 2019-07-03, 107, 107.05, 107.94, 106.8, 996919
gmg, 2019-07-03, 15.46, 15.63, 15.72, 15.33, 3817410
ncm, 2019-07-03, 32, 32, 32.12, 31.83, 2883003
wpl, 2019-07-03, 36.5, 35.86, 36.54, 35.76, 3592859
col, 2019-07-03, 13.35, 13.65, 13.73, 13.3, 2074048
bxb, 2019-07-03, 12.62, 12.74, 12.75, 12.56, 5089541
all, 2019-07-03, 30, 29.81, 30.04, 29.75, 2334953
fph, 2019-07-03, 15.2, 15.3, 15.46, 15.15, 251285
asx, 2019-07-03, 84.17, 84.59, 85.06, 83.84, 480916
rhc, 2019-07-03, 72.99, 72.74, 73.2, 72.28, 405902
a2m, 2019-07-03, 14.01, 14.36, 14.39, 14.005, 2554868
apa, 2019-07-03, 11, 11.18, 11.21, 10.97, 2255334
amc, 2019-07-03, 16.52, 16.68, 16.73, 16.5, 5559005
shl, 2019-07-03, 27.3, 27.3, 27.59, 27.19, 946518
iag, 2019-07-03, 8.4, 8.5, 8.5, 8.36, 5128289
syd, 2019-07-03, 8.1, 8.16, 8.165, 8.04, 3879706
coh, 2019-07-03, 215.94, 215.44, 216.42, 213.47, 170656
xro, 2019-07-03, 62.01, 63, 63.05, 61.83, 733256
rea, 2019-07-03, 97.97, 97.71, 98.27, 96.09, 204237
sun, 2019-07-03, 13.944846, 14.089032, 14.099331, 13.90365, 5157790
scg, 2019-07-03, 3.94, 3.98, 3.99, 3.94, 17311686
qbe, 2019-07-03, 11.65, 11.84, 11.88, 11.63, 3242497
apt, 2019-07-03, 26.35, 26.39, 26.9, 25.88, 2151694
agl, 2019-07-03, 20.61, 20.84, 21.015, 20.58, 3460055
sto, 2019-07-03, 7.08, 6.9, 7.1, 6.89, 10049283
org, 2019-07-03, 7.42, 7.43, 7.47, 7.36, 5494446
mfg, 2019-07-03, 52.48, 53.52, 53.81, 52.43, 718049
jhx, 2019-07-03, 18.75, 18.56, 18.75, 18.51, 1363637
nst, 2019-07-03, 11.6, 11.5, 11.63, 11.39, 2932367
dxs, 2019-07-03, 13.33, 13.5, 13.52, 13.255, 3398160
evn, 2019-07-03, 4.36, 4.41, 4.43, 4.32, 7509371
s32, 2019-07-03, 3.28, 3.28, 3.305, 3.26, 16232327
rmd, 2019-07-03, 17.52, 17.58, 17.63, 17.49, 762923
azj, 2019-07-03, 5.45, 5.48, 5.5, 5.42, 6306392
mgr, 2019-07-03, 3.17, 3.21, 3.225, 3.17, 9638566
aia, 2019-07-03, 9.3, 9.1, 9.32, 9.1, 132657
mpl, 2019-07-03, 3.45, 3.5, 3.5, 3.44, 4447777
spk, 2019-07-03, 3.83, 3.81, 3.835, 3.8, 939943
gpt, 2019-07-03, 6.24, 6.29, 6.29, 6.16, 5135304
llc, 2019-07-03, 13.57, 13.74, 13.81, 13.55, 2150499
cim, 2019-07-03, 46.37, 46.54, 47.14, 46.13, 297749
ast, 2019-07-03, 1.89, 1.92, 1.93, 1.89, 5112339
twe, 2019-07-03, 15.35, 15.44, 15.48, 15.3, 1743476
afi, 2019-07-03, 6.26, 6.31, 6.32, 6.26, 464611
ori, 2019-07-03, 20.48, 20.69, 20.76, 20.48, 1387410
tpm, 2019-07-03, 6.53, 6.68, 6.75, 6.525, 940844
sgp, 2019-07-03, 4.29, 4.34, 4.36, 4.27, 8942819
wtc, 2019-07-03, 28.87, 29, 29.4, 28.66, 565437
tah, 2019-07-03, 4.51, 4.55, 4.575, 4.51, 5123871
cwn, 2019-07-03, 12.68, 12.66, 12.76, 12.63, 2289451
cpu, 2019-07-03, 16.78, 16.76, 16.94, 16.66, 1537393
mcy, 2019-07-03, 4.29, 4.33, 4.33, 4.29, 4772
ccl, 2019-07-03, 10.21, 10.32, 10.39, 10.2, 1770004
ctx, 2019-07-03, 24.93, 24.89, 25.13, 24.84, 970439
sek, 2019-07-03, 21.5, 21.7, 21.78, 21.47, 997736
osh, 2019-07-03, 6.86952, 6.781824, 6.879264, 6.781824, 5239774
mez, 2019-07-03, 4.5, 4.47, 4.51, 4.43, 14620
reh, 2019-07-03, 9.87539, 9.7363, 9.99461, 9.726365, 61455
arg, 2019-07-03, 8.13, 8.19, 8.2, 8.13, 255421
alx, 2019-07-03, 7.728325, 7.866155, 7.905535, 7.708635, 1702458
qan, 2019-07-03, 5.41, 5.47, 5.49, 5.41, 5296943
bsl, 2019-07-03, 12.03, 12.06, 12.23, 12.03, 3332604
vcx, 2019-07-03, 2.56, 2.58, 2.59, 2.54, 12444319
dmp, 2019-07-03, 38.33, 38.55, 38.81, 38.3, 287295
sar, 2019-07-03, 3.697616, 3.707424, 3.746656, 3.658384, 6485619
svw, 2019-07-03, 19.38, 19.19, 19.38, 19.05, 430065
alu, 2019-07-03, 35.69, 35.43, 36.24, 35.22, 451954
vas, 2019-07-03, 84.16, 84.56, 84.69, 84, 63601
amp, 2019-07-03, 2.12, 2.17, 2.17, 2.12, 6242991
awc, 2019-07-03, 2.39, 2.4, 2.42, 2.38, 8745414
wor, 2019-07-03, 15.12, 15.27, 15.39, 15, 1315089
nxt, 2019-07-03, 6.69, 6.67, 6.69, 6.605, 1156930
sol, 2019-07-03, 22.25, 22.03, 22.59, 22.01, 339168
iel, 2019-07-03, 18.01, 18.23, 18.29, 17.91, 495835
qub, 2019-07-03, 2.98152, 3.03072, 3.03072, 2.98152, 2098749
jbh, 2019-07-03, 26.08, 26.25, 26.57, 25.87, 1091761
ann, 2019-07-03, 27.05, 27.19, 27.285, 26.46, 401790
cwy, 2019-07-03, 2.42, 2.43, 2.44, 2.39, 2943170
ipl, 2019-07-03, 3.4, 3.39, 3.42, 3.355, 6355512
hvn, 2019-07-03, 3.932766, 3.932766, 3.981681, 3.9132, 2528267
apx, 2019-07-03, 29.74, 29.5, 30.47, 29.37, 633177
bpt, 2019-07-03, 1.97, 1.91, 1.98, 1.905, 19105235
chc, 2019-07-03, 11.1, 11.37, 11.415, 11.04, 1473816
ski, 2019-07-03, 2.46, 2.48, 2.51, 2.46, 5499488
car, 2019-07-03, 13.92, 14.09, 14.19, 13.89, 880828
bld, 2019-07-03, 5.2, 5.28, 5.3, 5.18, 4528930
ebo, 2019-07-03, 22.49, 22.5, 22.5, 22.45, 2088
stw, 2019-07-03, 61.67, 62, 62.07, 61.59, 41965
yal, 2019-07-03, 3.2, 3.13, 3.2, 3.13, 15707
ilu, 2019-07-03, 10.99, 10.82, 11.06, 10.78, 2021509
min, 2019-07-03, 15.7, 15.62, 15.85, 15.55, 1094282
tne, 2019-07-03, 8.33, 8.23, 8.35, 8.14, 1069096
ben, 2019-07-03, 11.27, 11.38, 11.38, 11.12, 1656697
ivv, 2019-07-03, 426.51, 426.21, 426.75, 425.64, 10026
alq, 2019-07-03, 7.85, 7.76, 7.91, 7.69, 1402438
cnu, 2019-07-03, 5.36, 5.37, 5.4, 5.31, 380864
ora, 2019-07-03, 3.28, 3.3, 3.31, 3.26, 2580130
ift, 2019-07-03, 4.45, 4.45, 4.45, 4.44, 19240
pme, 2019-07-03, 25.9, 25.29, 25.9, 25.15, 147814
ozl, 2019-07-03, 10.22, 10.07, 10.31, 10, 2083879
gne, 2019-07-03, 3.25, 3.2, 3.25, 3.2, 20303
vea, 2019-07-03, 2.08, 2.1, 2.12, 2.06, 2969060
cgf, 2019-07-03, 6.69, 6.8, 6.84, 6.66, 2267661
igo, 2019-07-03, 4.85, 4.79, 4.95, 4.73, 2418510
fbu, 2019-07-03, 4.79, 4.85, 4.865, 4.79, 744788
sdf, 2019-07-03, 3.44, 3.47, 3.48, 3.43, 1147519
mlt, 2019-07-03, 4.73, 4.77, 4.78, 4.73, 296975
sgr, 2019-07-03, 4.17, 4.16, 4.2, 4.15, 6087267
pmv, 2019-07-03, 15.06, 15.26, 15.36, 14.86, 204448
brg, 2019-07-03, 16.4, 16.35, 16.64, 16.255, 220848
nec, 2019-07-03, 1.95, 1.99, 1.995, 1.945, 8958887
dow, 2019-07-03, 7.1, 7.13, 7.15, 7.08, 1037063
mts, 2019-07-03, 2.63, 2.69, 2.7, 2.63, 5034487
rrl, 2019-07-03, 5.38, 5.42, 5.445, 5.28, 4717659
scp, 2019-07-03, 2.45, 2.47, 2.47, 2.44, 3113768
bwp, 2019-07-03, 3.79, 3.8, 3.81, 3.77, 1076402
goz, 2019-07-03, 4.3, 4.34, 4.37, 4.28, 1910152
nhf, 2019-07-03, 7.83, 7.87, 7.93, 7.78, 829218
mgg, 2019-07-03, 1.81, 1.805, 1.81, 1.78, 904325
boq, 2019-07-03, 9.42, 9.42, 9.45, 9.32, 2901185
nan, 2019-07-03, 5.59, 5.46, 5.63, 5.4, 1818765
hta, 2019-07-03, 0.115, 0.115, 0.115, 0.115, 10000
mp1, 2019-07-03, 6.73, 6.69, 6.75, 6.59, 129375
ptm, 2019-07-03, 4.92, 5.01, 5.01, 4.92, 851343
clw, 2019-07-03, 5.0593071, 5.13866878, 5.1585092, 5.03946668, 1684692
bkw, 2019-07-03, 16.45, 16.72, 16.79, 16.41, 251786
nuf, 2019-07-03, 4.32, 4.51, 4.53, 4.27, 5506358
rwc, 2019-07-03, 3.67, 3.64, 3.67, 3.6, 7558186
cmw, 2019-07-03, 1.175, 1.185, 1.192, 1.172, 10530669
ire, 2019-07-03, 13.9, 14.06, 14.23, 13.9, 327088
msb, 2019-07-03, 1.41, 1.42, 1.445, 1.41, 369014
lnk, 2019-07-03, 5.33, 5.23, 5.33, 5.23, 2840226
voc, 2019-07-03, 3.18, 3.2, 3.215, 3.1, 6539070
whc, 2019-07-03, 3.65, 3.63, 3.66, 3.61, 6413173
nwl, 2019-07-03, 7.55, 7.23, 7.59, 7.11, 2036318
ioz, 2019-07-03, 27.09, 27.27, 27.29, 27.09, 111597
vvr, 2019-07-03, 2.6, 2.63, 2.65, 2.58, 1568833
flt, 2019-07-03, 42.64, 42.98, 43.16, 42.59, 281048
sbm, 2019-07-03, 3.1, 3.12, 3.155, 3.06, 10301791
ioo, 2019-07-03, 70.65, 70.6, 70.74, 70.55, 27822
pdl, 2019-07-03, 7.25, 7.13, 7.25, 7.12, 1119278
pnv, 2019-07-03, 1.56, 1.67, 1.7, 1.55, 4492368
cqr, 2019-07-03, 4.41, 4.46, 4.48, 4.41, 1665794
dhg, 2019-07-03, 3.25, 3.19, 3.31, 3.17, 1446693
slr, 2019-07-03, 1.24, 1.25, 1.26, 1.225, 7530960
abc, 2019-07-03, 4.27, 4.26, 4.3, 4.25, 1031653
csr, 2019-07-03, 4.02, 4.04, 4.07, 4.005, 2142006
bap, 2019-07-03, 5.63, 5.69, 5.72, 5.62, 603723
abp, 2019-07-03, 4.16, 4.22, 4.22, 4.15, 707891
mff, 2019-07-03, 2.98, 2.97, 3.01, 2.97, 264727
hls, 2019-07-03, 3.04, 3.02, 3.04, 2.99, 1447477
iph, 2019-07-03, 7.6, 7.67, 7.68, 7.57, 611051
skc, 2019-07-03, 3.62, 3.64, 3.64, 3.61, 375092
ifl, 2019-07-03, 5.37, 5.34, 5.38, 5.29, 771021
ivc, 2019-07-03, 16.3, 16.45, 16.55, 16.275, 397356
eld, 2019-07-03, 6.183002, 6.271895, 6.291649, 6.183002, 339346
gor, 2019-07-03, 1.095, 1.12, 1.132, 1.095, 11487311
wam, 2019-07-03, 2.09, 2.1, 2.14, 2.09, 864379
ppt, 2019-07-03, 42.63, 43.5, 43.5, 42.63, 154046
sgm, 2019-07-03, 10.95, 10.93, 11.12, 10.87, 586362
bkl, 2019-07-03, 91.89, 91.4, 92.1, 91.1, 49717
bin, 2019-07-03, 2.32, 2.29, 2.35, 2.275, 1175094
vuk, 2019-07-03, 3.6, 3.64, 3.64, 3.58, 3295685
ctd, 2019-07-03, 22.77, 22.69, 23.15, 22.64, 285759
aiz, 2019-07-03, 2.57, 2.55, 2.59, 2.55, 77126
nsr, 2019-07-03, 1.765, 1.745, 1.765, 1.745, 7484902
fnp, 2019-07-03, 4.98, 4.89, 4.98, 4.86, 192802
lyc, 2019-07-03, 2.61, 2.6, 2.645, 2.57, 4240516
cda, 2019-07-03, 3.62, 3.6, 3.66, 3.58, 111907
sul, 2019-07-03, 8.7, 8.81, 8.88, 8.68, 1367974
evt, 2019-07-03, 12.45, 12.45, 12.55, 12.38, 16770
mxt, 2019-07-03, 2.043235, 2.043235, 2.043235, 2.033268, 965200
nhc, 2019-07-03, 2.83, 2.72, 2.84, 2.72, 2426895
ing, 2019-07-03, 4.08, 4.13, 4.14, 4.05, 4728316
sm1, 2019-07-03, 8.8, 8.72, 8.8, 8.59, 88915
cuv, 2019-07-03, 34.41, 34, 34.69, 33.68, 186091
zel, 2019-07-03, 6.09, 6.07, 6.09, 6, 32148
arb, 2019-07-03, 18.7, 18.51, 18.82, 18.51, 182936
isx, 2019-07-03, 0.705, 0.685, 0.73, 0.685, 3390663
ape, 2019-07-03, 9.71, 9.5, 9.79, 9.44, 66545
vhy, 2019-07-03, 61.61, 62.15, 62.15, 61.49, 32059
pru, 2019-07-03, 0.615, 0.585, 0.615, 0.58, 13326527
bvs, 2019-07-03, 4.67, 4.66, 4.84, 4.64, 1671003
ddr, 2019-07-03, 5.31, 5.33, 5.34, 5.1, 280839
eml, 2019-07-03, 2.894254, 2.76584, 2.943644, 2.686816, 1542235
cgc, 2019-07-03, 4.13, 4.1, 4.16, 4.07, 2113558
ina, 2019-07-03, 3.239925, 3.239925, 3.249894, 3.219987, 770026
iaf, 2019-07-03, 113.72, 113.85, 113.96, 113.71, 16788
z1p, 2019-07-03, 3.17, 3.07, 3.17, 3.06, 1474737
crn, 2019-07-03, 3.46, 3.51, 3.55, 3.455, 1550372
bga, 2019-07-03, 4.81, 4.76, 4.83, 4.72, 543074
cen, 2019-07-03, 7.61, 7.65, 7.66, 7.61, 1141
rms, 2019-07-03, 0.79, 0.78, 0.79, 0.77, 3202759
jhg, 2019-07-03, 30.81, 30.86, 30.86, 30.61, 144503
cip, 2019-07-03, 3.13, 3.13, 3.17, 3.11, 574758
rsg, 2019-07-03, 1.37, 1.345, 1.385, 1.34, 20144292
urw, 2019-07-03, 10.45, 10.33, 10.46, 10.33, 855754
asb, 2019-07-03, 3.42, 3.5, 3.5, 3.41, 5767041
obl, 2019-07-03, 2.975304, 3.00486, 3.00486, 2.945748, 112410
bki, 2019-07-03, 1.57, 1.575, 1.585, 1.565, 1112519
avh, 2019-07-03, 0.42, 0.42, 0.425, 0.41, 2766855
aui, 2019-07-03, 9.18, 9.16, 9.18, 9.16, 8810
cof, 2019-07-03, 2.828072, 2.818114, 2.83803, 2.808156, 391607
mvw, 2019-07-03, 30.57, 30.74, 30.8, 30.53, 102970
mnd, 2019-07-03, 18.71, 18.7, 18.84, 18.4, 392038
avn, 2019-07-03, 2.32, 2.34, 2.35, 2.32, 184003
ccp, 2019-07-03, 26.4, 26.62, 26.75, 26.23, 156396
web, 2019-07-03, 9.671652, 9.635347, 9.700696, 9.562737, 634245
ckf, 2019-07-03, 8.37, 8.44, 8.48, 8.34, 278729
cia, 2019-07-03, 3.12, 3.11, 3.12, 3.06, 132569
aub, 2019-07-03, 10.7, 10.85, 10.98, 10.69, 2135565
wgx, 2019-07-03, 1.86, 1.835, 1.89, 1.83, 1370185
vg1, 2019-07-03, 2.34, 2.35, 2.36, 2.33, 378510
dui, 2019-07-03, 4.45, 4.47, 4.5, 4.45, 36836
slk, 2019-07-03, 3.617405, 3.6223, 3.71041, 3.60272, 26009
ssm, 2019-07-03, 2.8, 2.81, 2.82, 2.75, 2231851
gma, 2019-07-03, 2.82, 2.81, 2.83, 2.78, 430124
kgn, 2019-07-03, 4.96, 4.76, 4.99, 4.74, 376970
gnc, 2019-07-03, 3.629232, 3.651552, 3.673872, 3.629232, 1609270
lep, 2019-07-03, 5.05, 5.08, 5.1, 5.04, 27768
lic, 2019-07-03, 6.81, 6.89, 6.89, 6.77, 129628
nic, 2019-07-03, 0.415, 0.4, 0.42, 0.4, 1065632
lov, 2019-07-03, 11.15, 10.8, 11.18, 10.66, 306507
cqe, 2019-07-03, 3.7, 3.76, 3.76, 3.68, 210859
wle, 2019-07-03, 1.115, 1.12, 1.125, 1.115, 1401045
opt, 2019-07-03, 0.67, 0.67, 0.675, 0.65, 97376
tgr, 2019-07-03, 4.91, 4.94, 4.97, 4.895, 562451
jin, 2019-07-03, 20.01, 20.2, 20.58, 20.01, 135650
nws, 2019-07-03, 19.95, 19.9, 19.99, 19.84, 138410
gud, 2019-07-03, 10.45, 10.44, 10.6, 10.35, 307862
sfr, 2019-07-03, 6.83, 6.89, 6.93, 6.77, 1044425
nea, 2019-07-03, 3.84, 3.75, 3.87, 3.68, 2862073
agg, 2019-07-03, 5.2, 5.19, 5.31, 5.11, 13923
cni, 2019-07-03, 1.82, 1.79, 1.82, 1.765, 2472739
vah, 2019-07-03, 0.17, 0.16, 0.17, 0.16, 187850
ixj, 2019-07-03, 89.13, 88.99, 89.24, 88.99, 9614
myx, 2019-07-03, 0.54, 0.545, 0.555, 0.54, 4815206
waf, 2019-07-03, 0.34, 0.34, 0.345, 0.33, 2512916
lsf, 2019-07-03, 1.45, 1.44, 1.455, 1.435, 1169625
shv, 2019-07-03, 7.17, 7.15, 7.195, 7.13, 121051
pni, 2019-07-03, 4.38, 4.23, 4.38, 4.08, 1051282
nbi, 2019-07-03, 2.06, 2.09, 2.09, 2.04, 627495
mgx, 2019-07-03, 1.05, 0.99, 1.055, 0.99, 2766153
prn, 2019-07-03, 1.86, 1.87, 1.895, 1.855, 2430456
vgi, 2019-07-03, 12.95, 12.69, 13, 12.45, 29250
siq, 2019-07-03, 8.73, 8.89, 8.9, 8.69, 304655
gwa, 2019-07-03, 3.46, 3.52, 3.54, 3.46, 514321
idx, 2019-07-03, 3.034689, 3.093615, 3.093615, 2.985584, 1181007
aac, 2019-07-03, 1.04, 1.035, 1.04, 1.025, 119621
eos, 2019-07-03, 4.28, 4.23, 4.38, 4.23, 96817
arf, 2019-07-03, 2.69, 2.75, 2.77, 2.69, 400070
hub, 2019-07-03, 11.16, 10.87, 11.2, 10.63, 671047
hm1, 2019-07-03, 2.86386, 2.883276, 2.892984, 2.86386, 100946
ax1, 2019-07-03, 1.4, 1.375, 1.41, 1.375, 529696
rff, 2019-07-03, 2.29, 2.28, 2.31, 2.28, 252904
gem, 2019-07-03, 3, 3.01, 3.04, 2.98, 1545434
dtl, 2019-07-03, 2.17, 2.16, 2.17, 2.12, 20525
iem, 2019-07-03, 62.2, 61.52, 62.2, 61.42, 26958
iap, 2019-07-03, 1.435, 1.435, 1.45, 1.43, 363918
era, 2019-07-03, 0.152544, 0.156176, 0.156176, 0.152544, 257744
nwh, 2019-07-03, 2.56, 2.54, 2.62, 2.48, 1496655
kmd, 2019-07-03, 1.42754878, 1.44864556, 1.45216169, 1.406452, 170119
coe, 2019-07-03, 0.54, 0.555, 0.555, 0.54, 2252462
oml, 2019-07-03, 3.204915, 3.21307, 3.22938, 3.188605, 771599
pgh, 2019-07-03, 2.7, 2.72, 2.74, 2.66, 1777202
par, 2019-07-03, 1.4, 1.435, 1.46, 1.39, 635722
pbh, 2019-07-03, 2.49357, 2.503235, 2.5129, 2.445245, 183750
sig, 2019-07-03, 0.58, 0.585, 0.59, 0.58, 1078569
psi, 2019-07-03, 2.55, 2.55, 2.55, 2.55, 7310
elo, 2019-07-03, 7.3, 7.13, 7.33, 7.13, 23971
aef, 2019-07-03, 1.71, 1.74, 1.78, 1.71, 90261
wsa, 2019-07-03, 1.98, 1.945, 1.98, 1.935, 1461340
maq, 2019-07-03, 19.92, 19.94, 19.95, 19.92, 1363
ifm, 2019-07-03, 1.745, 1.72, 1.76, 1.717, 93392
ore, 2019-07-03, 2.88, 2.83, 2.92, 2.83, 995940
djw, 2019-07-03, 3.47, 3.53, 3.54, 3.47, 271264
hsn, 2019-07-03, 4, 4.04, 4.08, 3.99, 353578
cin, 2019-07-03, 31.4, 31.25, 31.5, 31.25, 8477
bub, 2019-07-03, 1.18, 1.19, 1.2, 1.155, 3171124
mich, 2019-07-03, 3.16, 3.17, 3.17, 3.16, 581295
ahy, 2019-07-03, 0.94, 0.93, 0.94, 0.915, 166924
iri, 2019-07-03, 3.3, 3.23, 3.32, 3.2, 179068
gdi, 2019-07-03, 1.385, 1.39, 1.39, 1.38, 999406
mms, 2019-07-03, 12.18, 12.53, 12.62, 12.18, 291182
sfy, 2019-07-03, 61.52, 61.68, 61.75, 61.27, 24543
jms, 2019-07-03, 0.34, 0.35, 0.35, 0.335, 5154108
api, 2019-07-03, 1.33, 1.33, 1.34, 1.32, 1184694
mvp, 2019-07-03, 5.75, 5.58, 5.75, 5.5, 44395
iaa, 2019-07-03, 88.89, 87.67, 88.89, 87.41, 4744
ieu, 2019-07-03, 63.35, 63.3, 63.41, 63.27, 28040
aqg, 2019-07-03, 5, 5, 5.05, 4.97, 310157
jlg, 2019-07-03, 1.43, 1.44, 1.44, 1.42, 15768
apl, 2019-07-03, 0.97, 0.97, 0.975, 0.965, 388131
ifn, 2019-07-03, 0.45, 0.46, 0.465, 0.45, 606823
vif, 2019-07-03, 50.1, 50.15, 50.15, 49.98, 14009
mah, 2019-07-03, 0.21, 0.195, 0.21, 0.195, 2827135
slf, 2019-07-03, 14.53, 14.61, 14.62, 14.49, 53867
bwx, 2019-07-03, 1.9, 2.04, 2.055, 1.9, 267289
reg, 2019-07-03, 2.64, 2.66, 2.69, 2.64, 176163
oph, 2019-07-03, 2.5, 2.5, 2.53, 2.5, 225964
eqt, 2019-07-03, 30.88, 31.5, 31.5, 30.56, 11109
alk, 2019-07-03, 0.434565, 0.3996, 0.444555, 0.3996, 3352844
pls, 2019-07-03, 0.55, 0.52, 0.55, 0.52, 12454173
uwl, 2019-07-03, 1.587109635, 1.453658975, 1.60140792, 1.453658975, 1235422
cmm, 2019-07-03, 0.475, 0.6, 0.625, 0.475, 7307664
deg, 2019-07-03, 0.071012, 0.06928, 0.071012, 0.068414, 1460946
fgg, 2019-07-03, 1.325, 1.34, 1.34, 1.325, 195218
pl8, 2019-07-03, 1.1277105, 1.1277105, 1.132635, 1.122786, 444418
ccx, 2019-07-03, 1.81, 1.84, 1.85, 1.795, 52347
akp, 2019-07-03, 16, 16.4, 16.58, 16, 6581
tpw, 2019-07-03, 1.44, 1.44, 1.44, 1.44, 688
leg, 2019-07-03, 0.028, 0.028, 0.028, 0.028, 26078
whf, 2019-07-03, 4.83, 4.87, 4.89, 4.83, 28185
mnf, 2019-07-03, 3.7, 3.68, 3.7, 3.67, 684299
moe, 2019-07-03, 3.95, 3.95, 3.95, 3.71, 17200
adi, 2019-07-03, 2.91, 2.9, 2.91, 2.89, 217705
wgb, 2019-07-03, 2, 2, 2.025, 2, 318844
imd, 2019-07-03, 1.25, 1.265, 1.285, 1.235, 413846
ad8, 2019-07-03, 7.95, 7.78, 8, 7.78, 720104
bgl, 2019-07-03, 0.7, 0.685, 0.71, 0.685, 903181
hpi, 2019-07-03, 3.35, 3.42, 3.42, 3.34, 170091
pci, 2019-07-03, 1.12, 1.125, 1.125, 1.12, 495469
ehl, 2019-07-03, 2.061488, 2.041666, 2.0862655, 2.011933, 1046775
rdc, 2019-07-03, 1.105, 1.1, 1.11, 1.1, 350525
vrl, 2019-07-03, 2.81, 2.79, 2.85, 2.78, 133907
tbr, 2019-07-03, 5.85, 5.8, 5.9, 5.75, 15711
bfg, 2019-07-03, 0.905, 0.895, 0.91, 0.89, 246124
ehe, 2019-07-03, 2.64, 2.68, 2.69, 2.64, 502792
pwh, 2019-07-03, 4.19, 4.21, 4.21, 4.13, 181245
nck, 2019-07-03, 6.35, 6.37, 6.44, 6.28, 93010
tlx, 2019-07-03, 1.32, 1.375, 1.42, 1.32, 821514
spl, 2019-07-03, 1.385, 1.395, 1.43, 1.385, 350693
fxl, 2019-07-03, 1.68, 1.68, 1.71, 1.665, 1020227
new, 2019-07-03, 1.28, 1.245, 1.285, 1.245, 111891
fgx, 2019-07-03, 1.18, 1.18, 1.18, 1.17, 185918
clv, 2019-07-03, 1.945, 1.89, 1.95, 1.825, 538046
pmc, 2019-07-03, 1.585, 1.58, 1.6, 1.56, 242057
eof, 2019-07-03, 2.4, 2.64, 2.64, 2.36, 747530
pai, 2019-07-03, 1.055, 1.04, 1.07, 1.04, 159783
gci, 2019-07-03, 2.022489, 2.032452, 2.032452, 2.012526, 50942
sgf, 2019-07-03, 3.12, 3.22, 3.25, 3.12, 41216
ppc, 2019-07-03, 1.15, 1.14, 1.15, 1.125, 43699
fsf, 2019-07-03, 3.62, 3.59, 3.63, 3.59, 18658
sxl, 2019-07-03, 1.28, 1.27, 1.29, 1.265, 907669
chn, 2019-07-03, 0.14, 0.14, 0.14, 0.13, 1472828
ive, 2019-07-03, 95.16, 94.63, 95.38, 94.41, 5201
bbn, 2019-07-03, 2.15, 2.13, 2.16, 2.12, 83034
mir, 2019-07-03, 2.47, 2.49, 2.51, 2.46, 129744
mys, 2019-07-03, 4.51, 4.53, 4.6, 4.51, 90927
rmc, 2019-07-03, 0.62, 0.63, 0.63, 0.62, 8174
uos, 2019-07-03, 0.75, 0.76, 0.76, 0.75, 57773
cwp, 2019-07-03, 5.73, 5.71, 5.74, 5.68, 46593
aof, 2019-07-03, 2.97, 2.99, 3, 2.97, 94378
vht, 2019-07-03, 1.7, 1.655, 1.7, 1.65, 390202
huo, 2019-07-03, 4.6, 4.6, 4.6, 4.6, 8441
ht1, 2019-07-03, 1.8, 1.74, 1.8, 1.74, 86136
pet, 2019-07-03, 1.14425, 1.10445, 1.169125, 1.08455, 1808973
kar, 2019-07-03, 0.910305, 0.910305, 0.9332925, 0.910305, 484088
qri, 2019-07-03, 1.63482, 1.644728, 1.644728, 1.63482, 304904
ofx, 2019-07-03, 1.43, 1.435, 1.455, 1.405, 221919
zno, 2019-07-03, 0.092, 0.09, 0.092, 0.09, 351841
pgf, 2019-07-03, 1.095, 1.11, 1.115, 1.095, 320498
rhp, 2019-07-03, 2.96, 2.9, 2.96, 2.89, 301244
red, 2019-07-03, 0.18, 0.18, 0.185, 0.17, 4120711
slc, 2019-07-03, 1.303954, 1.255299, 1.303954, 1.196913, 1477393
cvn, 2019-07-03, 0.585, 0.58, 0.59, 0.58, 1699803
ama, 2019-07-03, 1.366614, 1.346808, 1.366614, 1.307196, 761888
pfp, 2019-07-03, 3.25, 3.25, 3.34, 3.25, 58499
ppk, 2019-07-03, 2.64, 2.65, 2.73, 2.63, 96341
egd, 2019-07-03, 2.15, 2.15, 2.15, 2.15, 61750
aqr, 2019-07-03, 3.19, 3.18, 3.23, 3.12, 85276
afg, 2019-07-03, 1.65, 1.665, 1.665, 1.64, 73821
mot, 2019-07-03, 2.05, 2.06, 2.07, 2.05, 217867
gxy, 2019-07-03, 1.34, 1.34, 1.36, 1.325, 4318379
gss, 2019-07-03, 1.16, 1.11, 1.16, 1.11, 111347
360, 2019-07-03, 3.9, 4.01, 4.01, 3.8, 801443
pic, 2019-07-03, 1.03, 1.045, 1.05, 1.03, 318551
mcp, 2019-07-03, 1.26, 1.26, 1.285, 1.26, 20389
sxy, 2019-07-03, 0.36, 0.35, 0.36, 0.347, 6697765
ali, 2019-07-03, 2.227332, 2.217563, 2.227332, 2.217563, 121798
ijp, 2019-07-03, 79.34, 79.41, 79.49, 79, 10304
ano, 2019-07-03, 6.68995, 6.49025, 6.68995, 6.49025, 32933
aqz, 2019-07-03, 2.63, 2.6, 2.65, 2.6, 72228
ami, 2019-07-03, 0.48, 0.475, 0.485, 0.46, 2766628
adh, 2019-07-03, 1.5, 1.485, 1.505, 1.45, 536906
bbus, 2019-07-03, 3.72, 3.73, 3.73, 3.72, 258905
mny, 2019-07-03, 2.09, 2.08, 2.1, 2.08, 39557
grr, 2019-07-03, 0.275, 0.275, 0.277, 0.27, 1468514
smr, 2019-07-03, 1.412223, 1.40737, 1.4559, 1.402517, 436605
gdx, 2019-07-03, 37.35, 37.08, 37.8, 36.87, 32059
omh, 2019-07-03, 0.865, 0.865, 0.88, 0.865, 104005
nzk, 2019-07-03, 1.885, 1.855, 1.885, 1.855, 15584
cyl, 2019-07-03, 2.09, 2.14, 2.14, 2.09, 8337
rbl, 2019-07-03, 0.92, 0.9, 0.92, 0.895, 479431
fdv, 2019-07-03, 0.795, 0.78, 0.795, 0.78, 19580
pia, 2019-07-03, 1.06, 1.06, 1.065, 1.06, 107361
emr, 2019-07-03, 0.42, 0.39, 0.42, 0.38, 671278
pac, 2019-07-03, 4.65, 4.65, 4.71, 4.61, 35371
cgl, 2019-07-03, 4.9, 5.14, 5.2, 4.9, 179906
amh, 2019-07-03, 0.9, 0.89, 0.9, 0.89, 58428
pdn, 2019-07-03, 0.125, 0.145, 0.145, 0.125, 8159355
wax, 2019-07-03, 1.385, 1.395, 1.395, 1.37, 161990
pe1, 2019-07-03, 1.323282, 1.304104, 1.323282, 1.294515, 74411
rf1, 2019-07-03, 2.54, 2.53, 2.54, 2.52, 47729
bth, 2019-07-03, 0.52, 0.5, 0.52, 0.49, 417176
cat, 2019-07-03, 1.165, 1.12, 1.165, 1.105, 87992
spx, 2019-07-03, 0.021, 0.021, 0.021, 0.021, 1064701
stx, 2019-07-03, 0.063, 0.063, 0.064, 0.062, 1507546
ric, 2019-07-03, 1.24, 1.18, 1.26, 1.18, 162751
vrt, 2019-07-03, 4.6, 4.5, 4.6, 4.5, 34818
cdp, 2019-07-03, 6.85, 6.88, 6.88, 6.83, 10357
tgg, 2019-07-03, 1.24, 1.255, 1.26, 1.235, 111866
sko, 2019-07-03, 4.29, 4.19, 4.29, 4.18, 8687
dub, 2019-07-03, 1.415, 1.355, 1.465, 1.35, 415123
bck, 2019-07-03, 0.032, 0.032, 0.032, 0.032, 10071
srv, 2019-07-03, 3.46, 3.63, 3.63, 3.44, 45877
rul, 2019-07-03, 0.59, 0.585, 0.59, 0.585, 5429
mcr, 2019-07-03, 0.44, 0.43, 0.44, 0.43, 320386
cdv, 2019-07-03, 0.33, 0.335, 0.345, 0.33, 613216
lvt, 2019-07-03, 0.445, 0.445, 0.455, 0.44, 1167323
mld, 2019-07-03, 0.92, 0.935, 0.935, 0.92, 212251
qve, 2019-07-03, 1.04, 1.035, 1.045, 1.035, 282751
wqg, 2019-07-03, 1.115, 1.105, 1.13, 1.105, 771460
ngi, 2019-07-03, 3.97, 4, 4.07, 3.95, 108851
vcf, 2019-07-03, 49.55, 49.74, 49.74, 49.48, 10167
gdf, 2019-07-03, 1.39, 1.395, 1.4, 1.39, 20860
wpp, 2019-07-03, 0.54, 0.545, 0.55, 0.535, 488758
ltr, 2019-07-03, 0.11, 0.11, 0.11, 0.105, 2541399
tgp, 2019-07-03, 1.015, 1.005, 1.015, 1, 48250
inr, 2019-07-03, 0.135, 0.14, 0.15, 0.135, 700644
mvf, 2019-07-03, 1.30746, 1.30746, 1.316799, 1.2934515, 77733
ecx, 2019-07-03, 1.2, 1.2, 1.21, 1.155, 2320713
nxs, 2019-07-03, 4.17, 3.98, 4.17, 3.83, 339905
kll, 2019-07-03, 0.563955, 0.573125, 0.573125, 0.563955, 45666
wsp, 2019-07-03, 1.48, 1.5, 1.505, 1.47, 36139
psq, 2019-07-03, 1.18, 1.18, 1.18, 1.18, 69970
sda, 2019-07-03, 2.05, 1.72, 2.05, 1.72, 25908240
wzr, 2019-07-03, 0.145, 0.14, 0.145, 0.135, 2074894
egf, 2019-07-03, 1.61, 1.61, 1.61, 1.61, 50522
aba, 2019-07-03, 5.2, 5.2, 5.2, 5.13, 49606
ksc, 2019-07-03, 1.85, 1.85, 1.85, 1.85, 202000
bwr, 2019-07-03, 1.28, 1.3, 1.3, 1.28, 109315
ppe, 2019-07-03, 3.11, 3.33, 3.36, 3.11, 469121
hlo, 2019-07-03, 5, 4.95, 5.03, 4.89, 141895
mva, 2019-07-03, 25.65, 25.86, 25.87, 25.65, 22208
ogc, 2019-07-03, 3.91, 4.02, 4.04, 3.91, 511416
rfg, 2019-07-03, 0.135, 0.135, 0.14, 0.135, 291259
fln, 2019-07-03, 0.83, 0.835, 0.845, 0.83, 52823
flc, 2019-07-03, 0.435, 0.43, 0.435, 0.415, 376234
caj, 2019-07-03, 0.235, 0.245, 0.247, 0.235, 875337
dcn, 2019-07-03, 0.54, 0.5, 0.55, 0.49, 4128590
ooo, 2019-07-03, 15.55, 15.4, 15.55, 15.36, 148784
vae, 2019-07-03, 67.15, 66.64, 67.2, 66.64, 7553
ixi, 2019-07-03, 75.96, 76.01, 76.23, 75.96, 3231
cl1, 2019-07-03, 1.475, 1.45, 1.48, 1.45, 30758
pnr, 2019-07-03, 0.2, 0.195, 0.2, 0.19, 4201393
lyl, 2019-07-03, 4.9, 4.9, 4.9, 4.9, 31652
alf, 2019-07-03, 0.925, 0.92, 0.93, 0.92, 159327
neu, 2019-07-03, 1.135, 1.13, 1.135, 1.115, 43111
fri, 2019-07-03, 0.855, 0.875, 0.875, 0.855, 18865
adt, 2019-07-03, 1.16, 1.07, 1.2, 1.06, 819766
veq, 2019-07-03, 56.7, 56.65, 56.7, 56.6, 2930
pck, 2019-07-03, 0.2, 0.195, 0.2, 0.185, 2490441
myr, 2019-07-03, 0.54, 0.54, 0.54, 0.53, 768784
sdg, 2019-07-03, 1.67, 1.68, 1.715, 1.67, 80833
d2o, 2019-07-03, 1.37, 1.39, 1.39, 1.37, 33257
mmm, 2019-07-03, 0.75, 0.75, 0.77, 0.75, 39160
vtg, 2019-07-03, 1.315, 1.365, 1.385, 1.315, 365024
cdm, 2019-07-03, 0.765, 0.76, 0.77, 0.76, 291458
wmi, 2019-07-03, 1.25, 1.26, 1.265, 1.24, 196067
gsw, 2019-07-03, 0.19, 0.195, 0.195, 0.19, 16076
mau, 2019-07-03, 0.435, 0.44, 0.44, 0.435, 35365
cvw, 2019-07-03, 0.66, 0.66, 0.69, 0.66, 14495
ijr, 2019-07-03, 111.36, 111.39, 111.55, 111.28, 4246
oku, 2019-07-03, 0.135, 0.125, 0.135, 0.125, 958889
ksl, 2019-07-03, 1.29, 1.295, 1.31, 1.29, 574185
agi, 2019-07-03, 0.685, 0.665, 0.69, 0.665, 79009
wgn, 2019-07-03, 1.8036165, 1.84737, 1.84737, 1.798755, 49027
avj, 2019-07-03, 0.545, 0.56, 0.56, 0.545, 51074
qip, 2019-07-03, 1.425, 1.46, 1.47, 1.425, 81035
clh, 2019-07-03, 1.235, 1.245, 1.245, 1.23, 185854
ncz, 2019-07-03, 0.475, 0.44, 0.475, 0.435, 664695
avz, 2019-07-03, 0.049, 0.047, 0.049, 0.047, 4968598
apd, 2019-07-03, 0.5, 0.505, 0.505, 0.5, 61419
aei, 2019-07-03, 0.325, 0.3, 0.33, 0.3, 79897
bse, 2019-07-03, 0.23, 0.24, 0.24, 0.23, 89557
ima, 2019-07-03, 0.265, 0.265, 0.27, 0.265, 1473215
alg, 2019-07-03, 1.075, 1.095, 1.1, 1.075, 454445
clq, 2019-07-03, 0.37, 0.34, 0.375, 0.34, 1092797
alc, 2019-07-03, 0.135, 0.135, 0.14, 0.135, 921754
pbp, 2019-07-03, 1.66, 1.65, 1.68, 1.647, 17184
eaf, 2019-07-03, 1.24, 1.24, 1.24, 1.24, 64898
zen, 2019-07-03, 0.58, 0.56, 0.58, 0.56, 17464
mml, 2019-07-03, 0.61, 0.66, 0.68, 0.61, 979510
fid, 2019-07-03, 5.19, 5.25, 5.25, 5.17, 20316
mdr, 2019-07-03, 0.35, 0.35, 0.35, 0.35, 85653
pgl, 2019-07-03, 3.46, 3.5, 3.56, 3.43, 63591
so4, 2019-07-03, 0.74, 0.74, 0.745, 0.735, 94228
jhc, 2019-07-03, 1.205, 1.14, 1.205, 1.12, 703964
baf, 2019-07-03, 0.775, 0.77, 0.78, 0.77, 22758
snl, 2019-07-03, 3.57, 3.56, 3.57, 3.56, 7192
far, 2019-07-03, 0.079, 0.072, 0.079, 0.07, 9079388
pps, 2019-07-03, 0.43, 0.425, 0.435, 0.415, 3608827
ezl, 2019-07-03, 1.24, 1.25, 1.25, 1.237, 59090
otw, 2019-07-03, 4.97, 4.96, 4.99, 4.95, 12199
gvf, 2019-07-03, 0.975, 0.98, 0.98, 0.975, 340100
ggg, 2019-07-03, 0.145, 0.15, 0.15, 0.145, 3494199
mmi, 2019-07-03, 0.1, 0.097, 0.1, 0.097, 2990067
fwd, 2019-07-03, 1.68, 1.7, 1.705, 1.67, 18497
shj, 2019-07-03, 0.65, 0.675, 0.675, 0.65, 10000
gtk, 2019-07-03, 6.15, 6.1, 6.2, 6.02, 9451
vth, 2019-07-03, 0.925, 0.925, 0.925, 0.92, 52547
swm, 2019-07-03, 0.455, 0.445, 0.455, 0.44, 4255935
bye, 2019-07-03, 0.283974, 0.278992, 0.283974, 0.27401, 260609
he8, 2019-07-03, 0.165, 0.16, 0.165, 0.155, 393843
cvc, 2019-07-03, 2.51, 2.57, 2.57, 2.5, 18801
trs, 2019-07-03, 1.937943, 1.913658, 1.952514, 1.89423, 60239
jrv, 2019-07-03, 0.21, 0.2, 0.21, 0.2, 432232
tie, 2019-07-03, 0.16, 0.165, 0.165, 0.16, 94498
can, 2019-07-03, 2.05, 2.1, 2.11, 2.03, 178519
skt, 2019-07-03, 1.12, 1.115, 1.135, 1.11, 629895
mhj, 2019-07-03, 0.535, 0.52, 0.535, 0.48, 84507
ewc, 2019-07-03, 0.06, 0.059, 0.06, 0.059, 392398
ed1, 2019-07-03, 0.79, 0.79, 0.79, 0.78, 15649
egn, 2019-07-03, 0.46, 0.46, 0.46, 0.46, 4482
sfg, 2019-07-03, 0.089, 0.089, 0.089, 0.088, 1329007
bet, 2019-07-03, 0.05, 0.047, 0.05, 0.047, 8841936
eai, 2019-07-03, 0.95, 0.955, 0.955, 0.945, 192418
atu, 2019-07-03, 0.33, 0.325, 0.33, 0.325, 1048700
rdy, 2019-07-03, 1.61, 1.6, 1.61, 1.6, 20693
urf, 2019-07-03, 0.93, 0.91, 0.935, 0.91, 123501
a40, 2019-07-03, 0.145, 0.15, 0.15, 0.145, 277457
imu, 2019-07-03, 0.015, 0.014, 0.015, 0.014, 3808579
tot, 2019-07-03, 1.18, 1.18, 1.19, 1.18, 25000
ont, 2019-07-03, 6.35, 6.35, 6.375, 6.35, 956
vva, 2019-07-03, 0.905, 0.91, 0.91, 0.905, 5244
ams, 2019-07-03, 1.13, 1.11, 1.13, 1.1, 470619
avg, 2019-07-03, 0.465, 0.475, 0.475, 0.465, 129953
cdd, 2019-07-03, 0.59546, 0.61113, 0.61113, 0.576656, 526501
vacf, 2019-07-03, 52.75, 52.76, 52.85, 52.75, 17549
dnk, 2019-07-03, 0.725, 0.715, 0.725, 0.715, 33470
rap, 2019-07-03, 0.18, 0.185, 0.185, 0.18, 214651
bcn, 2019-07-03, 0.031, 0.031, 0.032, 0.031, 8281238
hfr, 2019-07-03, 0.86, 0.865, 0.87, 0.86, 135364
enn, 2019-07-03, 1.77, 1.73, 1.77, 1.73, 61170
rnd, 2019-07-03, 3.25, 3.32, 3.32, 3.25, 11016
ijh, 2019-07-03, 278.24, 277.33, 278.24, 277.18, 7199
ajm, 2019-07-03, 0.125, 0.115, 0.125, 0.115, 2048437
evs, 2019-07-03, 0.125, 0.125, 0.13, 0.12, 167855
sdv, 2019-07-03, 0.09, 0.1, 0.1, 0.09, 422128
sxe, 2019-07-03, 0.57, 0.55, 0.57, 0.55, 73150
nwf, 2019-07-03, 0.21, 0.19, 0.21, 0.19, 180000
spt, 2019-07-03, 0.505, 0.51, 0.545, 0.45, 7757829
cgr, 2019-07-03, 0.44, 0.435, 0.44, 0.425, 1671000
mve, 2019-07-03, 28.59, 28.59, 28.59, 28.59, 10392
bdc, 2019-07-03, 0.057, 0.057, 0.058, 0.057, 4075576
obm, 2019-07-03, 0.11, 0.12, 0.12, 0.11, 28701
fsa, 2019-07-03, 1.055, 1.05, 1.055, 1.05, 41504
wic, 2019-07-03, 1.045, 1.04, 1.05, 1.04, 25730
mrc, 2019-07-03, 0.18, 0.18, 0.18, 0.18, 52750
m7t, 2019-07-03, 0.555, 0.54, 0.555, 0.5, 1255795
ppg, 2019-07-03, 0.145, 0.147, 0.147, 0.145, 173051
wha, 2019-07-03, 0.525, 0.52, 0.535, 0.52, 42837
boe, 2019-07-03, 0.045, 0.044, 0.045, 0.044, 2696772
lau, 2019-07-03, 0.345, 0.35, 0.35, 0.345, 125000
aeg, 2019-07-03, 0.895, 0.9, 0.9, 0.89, 100171
gll, 2019-07-03, 0.79, 0.765, 0.81, 0.76, 601490
wgo, 2019-07-03, 0.09, 0.089, 0.091, 0.089, 396889
igl, 2019-07-03, 2.05, 2.04, 2.07, 2.02, 245013
egi, 2019-07-03, 0.94, 0.945, 0.945, 0.94, 42924
ccv, 2019-07-03, 0.16, 0.16, 0.165, 0.16, 411480
erf, 2019-07-03, 1.22, 1.2, 1.22, 1.2, 3648
tgm, 2019-07-03, 0.17, 0.17, 0.17, 0.17, 50000
egg, 2019-07-03, 1.655, 1.6, 1.66, 1.6, 50549
gng, 2019-07-03, 0.88, 0.9, 0.94, 0.88, 115509
a4n, 2019-07-03, 0.115, 0.115, 0.115, 0.115, 51679
cup, 2019-07-03, 0.905, 0.91, 0.91, 0.875, 468065
srg, 2019-07-03, 0.49, 0.5, 0.505, 0.49, 681050
pvs, 2019-07-03, 1.265, 1.3, 1.3, 1.25, 22688
syr, 2019-07-03, 0.84, 0.83, 0.855, 0.82, 2784271
izz, 2019-07-03, 62.2, 61.36, 62.2, 61.36, 6481
blk, 2019-07-03, 0.013, 0.012, 0.013, 0.012, 45919249
rex, 2019-07-03, 1.37, 1.38, 1.38, 1.355, 82925
apz, 2019-07-03, 1.065, 1.07, 1.07, 1.06, 128105
pcg, 2019-07-03, 1.55, 1.51, 1.55, 1.51, 6873
bid, 2019-07-03, 0.72, 0.7, 0.72, 0.7, 86799
mgc, 2019-07-03, 0.37, 0.375, 0.38, 0.37, 277693
boc, 2019-07-03, 0.1, 0.098, 0.1, 0.092, 132711
fms, 2019-07-03, 0.0653004, 0.0682686, 0.0682686, 0.0653004, 41221
ays, 2019-07-03, 0.74, 0.72, 0.74, 0.72, 218221
svy, 2019-07-03, 0.23, 0.23, 0.235, 0.23, 93373
brl, 2019-07-03, 0.122, 0.125, 0.125, 0.122, 2042348
icq, 2019-07-03, 0.2, 0.2, 0.2, 0.2, 49773
dws, 2019-07-03, 1.21, 1.21, 1.22, 1.2, 77574
g1a, 2019-07-03, 0.355, 0.365, 0.365, 0.355, 201197
rct, 2019-07-03, 2.52, 2.52, 2.52, 2.52, 300
van, 2019-07-03, 0.165, 0.17, 0.17, 0.165, 376470
cmp, 2019-07-03, 0.605, 0.61, 0.61, 0.605, 6754
net, 2019-07-03, 0.17, 0.18, 0.185, 0.17, 3988342
pan, 2019-07-03, 0.27887995, 0.27887995, 0.27887995, 0.27887995, 64015
rte, 2019-07-03, 0.4, 0.4, 0.4, 0.4, 5000
etpmag, 2019-07-03, 20.7, 20.86, 21, 20.7, 16537
kcn, 2019-07-03, 0.26, 0.26, 0.265, 0.26, 306518
for, 2019-07-03, 1.18, 1.15, 1.18, 1.15, 83212
pos, 2019-07-03, 0.036, 0.036, 0.036, 0.035, 565054
bti, 2019-07-03, 1.06, 1.05, 1.06, 1.035, 74133
som, 2019-07-03, 1.3736, 1.3736, 1.3736, 1.3693075, 62330
evo, 2019-07-03, 0.12, 0.125, 0.125, 0.12, 1276171
a2b, 2019-07-03, 1.822, 1.805, 1.84, 1.805, 2038
sdi, 2019-07-03, 0.88, 0.895, 0.895, 0.88, 19375
sky, 2019-07-03, 0.043, 0.041, 0.043, 0.041, 1002133
cxl, 2019-07-03, 0.695, 0.7, 0.7, 0.695, 15000
nmt, 2019-07-03, 0.22, 0.22, 0.22, 0.215, 215156
pll, 2019-07-03, 0.16, 0.155, 0.16, 0.15, 2144208
orr, 2019-07-03, 0.225, 0.225, 0.225, 0.225, 18462
cam, 2019-07-03, 0.955, 0.965, 0.97, 0.955, 114841
unv, 2019-07-03, 0.275, 0.285, 0.29, 0.255, 3223714
bri, 2019-07-03, 1, 1, 1, 1, 1000
ter, 2019-07-03, 0.54, 0.555, 0.56, 0.54, 126119
abr, 2019-07-03, 0.215, 0.225, 0.23, 0.21, 401503
top, 2019-07-03, 0.68, 0.68, 0.695, 0.68, 315081
tlg, 2019-07-03, 0.46, 0.48, 0.49, 0.435, 1433833
mlx, 2019-07-03, 0.2376255, 0.232776, 0.2376255, 0.232776, 953759
moc, 2019-07-03, 1.15, 1.17, 1.17, 1.15, 102727
sgh, 2019-07-03, 1.41856, 1.440725, 1.440725, 1.41856, 1823
sec, 2019-07-03, 1.765, 1.78, 1.78, 1.765, 34658
ang, 2019-07-03, 0.185, 0.182, 0.185, 0.18, 86776
mogl, 2019-07-03, 3.67, 3.67, 3.68, 3.67, 7468
gtn, 2019-07-03, 0.85, 0.84, 0.855, 0.835, 196563
pal, 2019-07-03, 1.0535625, 1.03015, 1.0535625, 0.983325, 63412
hjpn, 2019-07-03, 11.85, 11.74, 11.85, 11.73, 24270
msv, 2019-07-03, 0.58, 0.59, 0.59, 0.58, 649691
mwy, 2019-07-03, 3.42, 3.41, 3.42, 3.41, 11834
nsc, 2019-07-03, 0.59, 0.605, 0.62, 0.59, 166924
gdg, 2019-07-03, 0.48, 0.465, 0.48, 0.465, 197032
cyp, 2019-07-03, 1.24, 1.27, 1.27, 1.24, 29395
smp, 2019-07-03, 0.19, 0.19, 0.19, 0.19, 5263
bky, 2019-07-03, 0.35, 0.35, 0.35, 0.35, 1485
myl, 2019-07-03, 0.06, 0.059, 0.061, 0.059, 268239
aru, 2019-07-03, 0.1, 0.105, 0.11, 0.1, 2983424
iko, 2019-07-03, 85.26, 83.09, 85.26, 83.09, 873
gnx, 2019-07-03, 0.245, 0.245, 0.245, 0.24, 975165
elx, 2019-07-03, 0.535, 0.53, 0.535, 0.53, 56659
oec, 2019-07-03, 0.285, 0.325, 0.325, 0.285, 64224
mye, 2019-07-03, 0.945, 0.96, 0.96, 0.945, 51821
aut, 2019-07-03, 0.005, 0.005, 0.005, 0.005, 400000
gow, 2019-07-03, 2.45, 2.45, 2.45, 2.45, 19821
brn, 2019-07-03, 0.069, 0.066, 0.07, 0.065, 6079790
egh, 2019-07-03, 0.26, 0.265, 0.265, 0.26, 29338
tgf, 2019-07-03, 2.19, 2.18, 2.2, 2.18, 57415
coi, 2019-07-03, 0.26, 0.26, 0.26, 0.255, 69591
adn, 2019-07-03, 0.014, 0.015, 0.015, 0.014, 5755799
tip, 2019-07-03, 0.91, 0.9, 0.91, 0.9, 25000
mrm, 2019-07-03, 0.175, 0.185, 0.185, 0.175, 60274
axe, 2019-07-03, 0.12, 0.13, 0.13, 0.12, 596417
aop, 2019-07-03, 0.25, 0.255, 0.265, 0.25, 656100
css, 2019-07-03, 0.91, 0.9, 0.91, 0.89, 16720
ntu, 2019-07-03, 0.075, 0.076, 0.076, 0.074, 1606651
imm, 2019-07-03, 0.2483, 0.2483, 0.2483, 0.2483, 68349
moz, 2019-07-03, 2.75, 2.77, 2.8, 2.71, 19866
lvh, 2019-07-03, 0.395, 0.395, 0.395, 0.38, 47464
nnt, 2019-07-03, 0.074, 0.071, 0.074, 0.071, 89000
snc, 2019-07-03, 0.825, 0.82, 0.83, 0.82, 36962
bit, 2019-07-03, 0.072, 0.077, 0.079, 0.071, 2567220
wec, 2019-07-03, 0.112056, 0.131544, 0.131544, 0.112056, 550295
po3, 2019-07-03, 3.35, 3.22, 3.35, 3.22, 4469
hzn, 2019-07-03, 0.12, 0.12, 0.12, 0.12, 739292
tng, 2019-07-03, 0.097, 0.097, 0.1, 0.097, 331156
rkn, 2019-07-03, 0.6, 0.615, 0.615, 0.6, 33720
pgc, 2019-07-03, 0.44, 0.455, 0.46, 0.44, 192682
eeg, 2019-07-03, 0.195, 0.195, 0.195, 0.19, 81334
kla, 2019-07-03, 61.05, 63, 63.03, 61.05, 1837
wnd, 2019-07-03, 0.865, 0.885, 0.885, 0.865, 2875
has, 2019-07-03, 0.15, 0.147, 0.15, 0.147, 227176
osl, 2019-07-03, 0.054908, 0.0539275, 0.056869, 0.0539275, 416767
mca, 2019-07-03, 0.19, 0.195, 0.195, 0.19, 26814
5gn, 2019-07-03, 1.57, 1.575, 1.58, 1.52, 484491
occ, 2019-07-03, 0.525, 0.485, 0.53, 0.47, 3897892
gpr, 2019-07-03, 0.525, 0.5, 0.525, 0.5, 20571
cog, 2019-07-03, 0.0961367, 0.0941545, 0.0961367, 0.0941545, 291845
amn, 2019-07-03, 0.6091575, 0.643825, 0.643825, 0.604205, 84894
ovh, 2019-07-03, 0.42, 0.415, 0.42, 0.415, 41105
ttb, 2019-07-03, 0.26, 0.25, 0.26, 0.25, 79043
dyl, 2019-07-03, 0.335, 0.34, 0.35, 0.335, 173394
agh, 2019-07-03, 1.055, 1.03, 1.14, 1.02, 1626172
krr, 2019-07-03, 0.028, 0.028, 0.029, 0.028, 646842
cai, 2019-07-03, 0.32, 0.31, 0.33, 0.31, 302039
ajl, 2019-07-03, 0.068864, 0.068864, 0.068864, 0.068864, 162265
ede, 2019-07-03, 0.038, 0.04, 0.04, 0.037, 1055804
st1, 2019-07-03, 0.25, 0.26, 0.265, 0.245, 2612569
fgr, 2019-07-03, 0.255, 0.25, 0.26, 0.25, 1244017
slx, 2019-07-03, 0.41, 0.46, 0.465, 0.41, 799360
grb, 2019-07-03, 0.095, 0.095, 0.095, 0.093, 252340
4ds, 2019-07-03, 0.061, 0.059, 0.061, 0.058, 1671021
rht, 2019-07-03, 0.105, 0.105, 0.105, 0.105, 149047
cay, 2019-07-03, 0.2, 0.19, 0.205, 0.19, 524106
nml, 2019-07-03, 0.076, 0.074, 0.08, 0.074, 2326204
tek, 2019-07-03, 0.25, 0.25, 0.255, 0.25, 126474
clf, 2019-07-03, 1.27, 1.275, 1.275, 1.27, 21000
tdl, 2019-07-03, 0.035, 0.035, 0.035, 0.035, 1040
jan, 2019-07-03, 0.275, 0.29, 0.29, 0.27, 343630
hit, 2019-07-03, 1.04, 1.015, 1.105, 1.01, 58859
rdf, 2019-07-03, 0.405, 0.405, 0.405, 0.405, 762
gas, 2019-07-03, 0.59, 0.565, 0.6, 0.565, 85450
ptb, 2019-07-03, 0.639837, 0.639837, 0.6444735, 0.639837, 12038
aml, 2019-07-03, 0.205, 0.205, 0.205, 0.205, 32023
ctm, 2019-07-03, 0.135, 0.135, 0.135, 0.12, 147583
ahx, 2019-07-03, 0.5, 0.5, 0.5, 0.5, 14000
cgs, 2019-07-03, 0.1634985, 0.1634985, 0.1734075, 0.158544, 164026
cie, 2019-07-03, 0.78, 0.765, 0.78, 0.765, 87137
bci, 2019-07-03, 0.195, 0.195, 0.2, 0.195, 325228
rce, 2019-07-03, 0.2, 0.215, 0.215, 0.2, 272493
mgv, 2019-07-03, 0.059, 0.062, 0.062, 0.058, 1203428
sta, 2019-07-03, 0.14, 0.14, 0.14, 0.14, 200000
mvs, 2019-07-03, 20.6, 20.6, 20.6, 20.6, 2850
exp, 2019-07-03, 0.235, 0.24, 0.24, 0.235, 914799
vee, 2019-07-03, 0.545, 0.545, 0.555, 0.545, 16966
ssg, 2019-07-03, 0.43, 0.42, 0.43, 0.42, 64393
acf, 2019-07-03, 0.335, 0.33, 0.335, 0.33, 175003
ac8, 2019-07-03, 0.36, 0.355, 0.365, 0.355, 316206
nus, 2019-07-03, 0.17, 0.17, 0.17, 0.17, 33000
ntm, 2019-07-03, 0.039, 0.039, 0.039, 0.039, 30000
epd, 2019-07-03, 0.305, 0.32, 0.32, 0.305, 227956
mai, 2019-07-03, 0.505, 0.495, 0.505, 0.495, 78056
atl, 2019-07-03, 0.4, 0.44, 0.44, 0.4, 214942
mdc, 2019-07-03, 0.345, 0.35, 0.35, 0.345, 27476
htg, 2019-07-03, 0.02304, 0.02304, 0.02304, 0.02304, 151043
cvf, 2019-07-03, 1.005, 1.01, 1.01, 1.005, 38818
ctp, 2019-07-03, 0.14, 0.14, 0.14, 0.14, 767134
agy, 2019-07-03, 0.075, 0.073, 0.075, 0.073, 509422
kpt, 2019-07-03, 2.2, 2.2, 2.2, 2.2, 420
ptl, 2019-07-03, 0.3, 0.3, 0.3, 0.3, 50000
cue, 2019-07-03, 0.086, 0.081, 0.086, 0.081, 48992
lck, 2019-07-03, 0.25, 0.25, 0.255, 0.25, 98847
ehh, 2019-07-03, 0.3, 0.325, 0.325, 0.3, 1488759
dcg, 2019-07-03, 0.9, 0.875, 0.9, 0.87, 45569
ftc, 2019-07-03, 0.125, 0.115, 0.125, 0.11, 492257
wkt, 2019-07-03, 0.39, 0.385, 0.39, 0.365, 568699
mto, 2019-07-03, 1.235, 1.25, 1.27, 1.235, 80191
lko, 2019-07-03, 0.001, 0.001, 0.001, 0.001, 2390000
nva, 2019-07-03, 0.02, 0.019, 0.02, 0.019, 1971894
rmy, 2019-07-03, 0.2, 0.2, 0.2, 0.2, 60000
tnk, 2019-07-03, 1.62, 1.64, 1.64, 1.62, 18500
dxb, 2019-07-03, 0.085, 0.095, 0.095, 0.085, 385248
sen, 2019-07-03, 0.07, 0.07, 0.07, 0.07, 59999
svm, 2019-07-03, 0.125, 0.12, 0.125, 0.12, 402642
brb, 2019-07-03, 0.32, 0.335, 0.335, 0.32, 758998
ivx, 2019-07-03, 0.016, 0.015, 0.016, 0.015, 7288732
tam, 2019-07-03, 0.042, 0.042, 0.042, 0.042, 500000
try, 2019-07-03, 0.091, 0.092, 0.092, 0.089, 998197
ktd, 2019-07-03, 0.49, 0.48, 0.49, 0.475, 199475
hla, 2019-07-03, 0.8, 0.81, 0.81, 0.8, 5000
mvr, 2019-07-03, 29.81, 29.81, 29.81, 29.81, 335
azy, 2019-07-03, 0.014, 0.014, 0.015, 0.014, 1942022
ncc, 2019-07-03, 0.95, 0.93, 0.96, 0.925, 105853
gmd, 2019-07-03, 0.0235368, 0.0245175, 0.0245175, 0.0235368, 830530
stg, 2019-07-03, 1.835, 1.88, 1.88, 1.815, 100457
hzr, 2019-07-03, 0.255, 0.255, 0.255, 0.255, 40000
cyg, 2019-07-03, 0.92, 0.91, 0.92, 0.91, 24731
lrk, 2019-07-03, 1.17, 1.2, 1.23, 1.17, 177298
smn, 2019-07-03, 0.69, 0.705, 0.705, 0.69, 4326
snd, 2019-07-03, 0.325, 0.325, 0.325, 0.325, 16215
kin, 2019-07-03, 0.054, 0.057, 0.059, 0.054, 95114
lot, 2019-07-03, 0.0371616, 0.0371616, 0.0394842, 0.0371616, 246060
gmv, 2019-07-03, 0.205, 0.2, 0.205, 0.2, 6076
swf, 2019-07-03, 0.145, 0.14, 0.15, 0.135, 815768
ash, 2019-07-03, 0.27, 0.27, 0.27, 0.27, 1888
cag, 2019-07-03, 0.98, 0.995, 0.995, 0.98, 18000
orn, 2019-07-03, 0.03, 0.03, 0.03, 0.03, 119946
hrl, 2019-07-03, 0.11, 0.115, 0.115, 0.11, 102385
qtm, 2019-07-03, 0.028, 0.028, 0.028, 0.028, 33816
ahq, 2019-07-03, 0.07, 0.07, 0.072, 0.068, 374406
tny, 2019-07-03, 1.2, 1.135, 1.2, 1.13, 51328
mrl, 2019-07-03, 0.55, 0.55, 0.57, 0.55, 50000
zer, 2019-07-03, 0.355, 0.355, 0.355, 0.355, 4475
mem, 2019-07-03, 0.029, 0.032, 0.032, 0.029, 825049
mag, 2019-07-03, 0.015, 0.014, 0.015, 0.014, 366083
moy, 2019-07-03, 0.125, 0.135, 0.135, 0.125, 5440608
zld, 2019-07-03, 0.046, 0.047, 0.047, 0.045, 765054
acq, 2019-07-03, 1.025, 1.01, 1.025, 1.01, 47100
tga, 2019-07-03, 0.278598, 0.269154, 0.278598, 0.264432, 119641
mvb, 2019-07-03, 28, 27.85, 28, 27.77, 3157
pnw, 2019-07-03, 0.31, 0.31, 0.31, 0.31, 1250
fod, 2019-07-03, 0.072, 0.074, 0.074, 0.072, 382002
pen, 2019-07-03, 0.3030785, 0.3130155, 0.3130155, 0.3030785, 230350
exl, 2019-07-03, 3.236625, 3.167577, 3.253887, 3.167577, 221990
pgx, 2019-07-03, 0.39, 0.39, 0.39, 0.39, 4000
fml, 2019-07-03, 0.245, 0.245, 0.255, 0.245, 3617
sns, 2019-07-03, 0.09, 0.09, 0.09, 0.09, 247300
isu, 2019-07-03, 0.6, 0.625, 0.625, 0.585, 280343
bmn, 2019-07-03, 0.048, 0.049, 0.049, 0.048, 333598
vmt, 2019-07-03, 0.1, 0.098, 0.1, 0.098, 141999
haw, 2019-07-03, 0.053, 0.054, 0.055, 0.053, 117250
mec, 2019-07-03, 0.88, 0.875, 0.88, 0.875, 211191
bot, 2019-07-03, 0.22, 0.21, 0.22, 0.2, 7614071
rxp, 2019-07-03, 0.465, 0.45, 0.475, 0.45, 141514
ma1, 2019-07-03, 0.84, 0.86, 0.87, 0.84, 55245
emv, 2019-07-03, 0.38, 0.38, 0.39, 0.38, 74358
jat, 2019-07-03, 0.0538218, 0.0538218, 0.0548185, 0.0528251, 866108
lbl, 2019-07-03, 0.39, 0.39, 0.39, 0.39, 88536
byi, 2019-07-03, 0.85, 0.85, 0.85, 0.85, 5000
waa, 2019-07-03, 1.01, 1, 1.015, 0.995, 65871
czi, 2019-07-03, 0.099, 0.098, 0.099, 0.098, 56717
els, 2019-07-03, 0.43, 0.425, 0.43, 0.425, 79227
thc, 2019-07-03, 0.43, 0.425, 0.435, 0.425, 202683
mx1, 2019-07-03, 0.245275, 0.264897, 0.2796135, 0.235464, 774872
kme, 2019-07-03, 1.01, 1, 1.015, 1, 18440
nvx, 2019-07-03, 0.44, 0.5, 0.53, 0.41, 48106
hil, 2019-07-03, 0.175, 0.18, 0.18, 0.175, 353402
pro, 2019-07-03, 0.315, 0.31, 0.315, 0.31, 25520
dgr, 2019-07-03, 0.0943635, 0.0943635, 0.0943635, 0.0943635, 200289
edc, 2019-07-03, 1.03, 1.03, 1.03, 1.03, 13792
fbr, 2019-07-03, 0.075, 0.073, 0.076, 0.073, 1427597
gap, 2019-07-03, 0.32, 0.32, 0.32, 0.317, 183741
fzo, 2019-07-03, 0.19, 0.165, 0.19, 0.165, 236625
rft, 2019-07-03, 0.048, 0.049, 0.05, 0.048, 1042945
mxc, 2019-07-03, 0.051, 0.051, 0.052, 0.051, 758637
shm, 2019-07-03, 0.535, 0.53, 0.54, 0.52, 84809
bis, 2019-07-03, 1, 1, 1, 1, 3386
rzi, 2019-07-03, 0.46, 0.44, 0.46, 0.44, 143386
pyg, 2019-07-03, 0.7, 0.7, 0.7, 0.7, 2898
akm, 2019-07-03, 0.14, 0.14, 0.14, 0.14, 373209
clx, 2019-07-03, 0.8, 0.795, 0.8, 0.795, 3733
skf, 2019-07-03, 0.15, 0.145, 0.15, 0.145, 181937
ipd, 2019-07-03, 0.1109405, 0.115764, 0.125411, 0.1109405, 1264202
vrx, 2019-07-03, 0.095, 0.092, 0.095, 0.092, 84473
ton, 2019-07-03, 0.058, 0.056, 0.058, 0.056, 790468
glin, 2019-07-03, 3.23, 3.21, 3.23, 3.21, 9774
erm, 2019-07-03, 0.105, 0.105, 0.11, 0.105, 804278
bru, 2019-07-03, 0.265, 0.265, 0.265, 0.26, 372529
pdi, 2019-07-03, 0.014, 0.014, 0.014, 0.014, 750000
paf, 2019-07-03, 0.93, 0.94, 0.94, 0.93, 54508
ubi, 2019-07-03, 0.225, 0.225, 0.23, 0.222, 468478
cxo, 2019-07-03, 0.04, 0.041, 0.041, 0.04, 210682
rsh, 2019-07-03, 0.091, 0.089, 0.091, 0.089, 456198
bol, 2019-07-03, 0.15, 0.155, 0.155, 0.15, 424781
prt, 2019-07-03, 0.205, 0.21, 0.21, 0.205, 26276
sgq, 2019-07-03, 0.11, 0.11, 0.112, 0.11, 332991
rac, 2019-07-03, 0.052, 0.051, 0.052, 0.05, 276471
adj, 2019-07-03, 0.029, 0.029, 0.03, 0.029, 3364570
s66, 2019-07-03, 0.73, 0.7, 0.73, 0.7, 2057
bbx, 2019-07-03, 0.24, 0.245, 0.245, 0.22, 142130
kpg, 2019-07-03, 0.84, 0.89, 0.89, 0.84, 10385
rxl, 2019-07-03, 0.015, 0.015, 0.015, 0.015, 2405163
tig, 2019-07-03, 0.0349401, 0.0349401, 0.0349401, 0.0349401, 105647
bbc, 2019-07-03, 0.66, 0.66, 0.66, 0.66, 100000
mns, 2019-07-03, 0.2, 0.195, 0.2, 0.195, 345117
ihl, 2019-07-03, 0.041, 0.04, 0.044, 0.04, 8699568
idt, 2019-07-03, 0.17, 0.17, 0.17, 0.17, 25000
lpd, 2019-07-03, 0.025675, 0.025675, 0.0266625, 0.025675, 1299259
bcb, 2019-07-03, 0.046, 0.041, 0.046, 0.041, 1403151
rcw, 2019-07-03, 0.25, 0.25, 0.25, 0.25, 4000
lpi, 2019-07-03, 0.285, 0.285, 0.29, 0.285, 104212
swk, 2019-07-03, 0.24, 0.24, 0.24, 0.24, 41580
akg, 2019-07-03, 0.435, 0.435, 0.435, 0.435, 44384
nzm, 2019-07-03, 0.505, 0.5, 0.52, 0.5, 42997
atc, 2019-07-03, 0.1, 0.098, 0.1, 0.097, 2309442
hrz, 2019-07-03, 0.097, 0.105, 0.105, 0.097, 528021
bc8, 2019-07-03, 0.27, 0.285, 0.29, 0.27, 341299
pxs, 2019-07-03, 0.245, 0.245, 0.25, 0.245, 175210
spz, 2019-07-03, 0.1, 0.105, 0.105, 0.1, 48705
88e, 2019-07-03, 0.017, 0.017, 0.017, 0.017, 2599318
bd1, 2019-07-03, 0.026, 0.027, 0.027, 0.026, 5736265
sfx, 2019-07-03, 0.41, 0.42, 0.435, 0.41, 391902
meu, 2019-07-03, 0.017, 0.017, 0.017, 0.017, 100000
fpc, 2019-07-03, 0.835, 0.84, 0.84, 0.835, 22210
erx, 2019-07-03, 0.08, 0.072, 0.08, 0.072, 1684965
xte, 2019-07-03, 0.435, 0.46, 0.46, 0.435, 73458
cka, 2019-07-03, 0.049, 0.049, 0.049, 0.049, 140000
bct, 2019-07-03, 0.082, 0.08, 0.082, 0.08, 329730
res, 2019-07-03, 0.12, 0.12, 0.12, 0.12, 386680
kza, 2019-07-03, 0.375, 0.385, 0.385, 0.375, 11804
bsx, 2019-07-03, 0.078, 0.078, 0.078, 0.078, 160567
ado, 2019-07-03, 0.0137088, 0.0127296, 0.0137088, 0.0127296, 3005316
ecl, 2019-07-03, 1.2, 1.2, 1.2, 1.2, 689
sei, 2019-07-03, 0.031246, 0.033084, 0.033084, 0.031246, 3612729
ige, 2019-07-03, 0.18, 0.18, 0.18, 0.18, 1472
pex, 2019-07-03, 0.325, 0.305, 0.325, 0.3, 201681
ird, 2019-07-03, 0.055, 0.055, 0.055, 0.055, 564
sio, 2019-07-03, 0.335, 0.335, 0.335, 0.335, 10000
hch, 2019-07-03, 0.034, 0.034, 0.035, 0.033, 2984902
auz, 2019-07-03, 0.021, 0.02, 0.021, 0.02, 8553168
rvr, 2019-07-03, 0.2, 0.2, 0.207, 0.19, 4761287
dna, 2019-07-03, 0.13, 0.13, 0.135, 0.13, 297684
ada, 2019-07-03, 0.4, 0.41, 0.41, 0.375, 342456
ajx, 2019-07-03, 0.1471105, 0.142365, 0.1471105, 0.142365, 575848
dem, 2019-07-03, 0.165, 0.17, 0.17, 0.165, 139506
nov, 2019-07-03, 0.16, 0.16, 0.16, 0.16, 8709
lon, 2019-07-03, 0.2, 0.195, 0.21, 0.195, 343692
bsr, 2019-07-03, 0.016, 0.016, 0.016, 0.016, 29700
arv, 2019-07-03, 0.032, 0.031, 0.032, 0.031, 413637
vmy, 2019-07-03, 0.053, 0.055, 0.055, 0.052, 1029461
enr, 2019-07-03, 0.071, 0.071, 0.071, 0.07, 81158
mrg, 2019-07-03, 0.083, 0.083, 0.087, 0.083, 1245814
mea, 2019-07-03, 0.255, 0.25, 0.255, 0.25, 169015
gtg, 2019-07-03, 0.0065331, 0.0065331, 0.0065331, 0.0055998, 8757640
gmn, 2019-07-03, 0.064, 0.064, 0.064, 0.064, 31496
vls, 2019-07-03, 0.685, 0.67, 0.685, 0.67, 12144
piq, 2019-07-03, 0.33, 0.33, 0.33, 0.33, 9872
xf1, 2019-07-03, 0.5, 0.49, 0.53, 0.46, 532145
paa, 2019-07-03, 0.043, 0.042, 0.043, 0.041, 321338
tnt, 2019-07-03, 0.043, 0.042, 0.043, 0.042, 140000
lit, 2019-07-03, 0.058, 0.057, 0.059, 0.057, 511878
nac, 2019-07-03, 0.83, 0.84, 0.84, 0.83, 36000
arl, 2019-07-03, 0.315869, 0.3116005, 0.315869, 0.3116005, 39843
pm8, 2019-07-03, 0.26, 0.26, 0.26, 0.25, 702818
nox, 2019-07-03, 0.51, 0.495, 0.51, 0.485, 108600
ahf, 2019-07-03, 0.13, 0.135, 0.145, 0.13, 2707683
rtr, 2019-07-03, 0.056, 0.059, 0.059, 0.056, 419912
isd, 2019-07-03, 0.23, 0.24, 0.24, 0.225, 198520
mpx, 2019-07-03, 0.28, 0.28, 0.28, 0.28, 30967
oel, 2019-07-03, 0.04725, 0.04725, 0.04725, 0.0455, 2171139
gal, 2019-07-03, 0.16, 0.165, 0.165, 0.16, 34000
bfc, 2019-07-03, 0.12, 0.12, 0.125, 0.12, 133025
pdz, 2019-07-03, 0.235, 0.235, 0.235, 0.235, 30000
dts, 2019-07-03, 0.17, 0.17, 0.17, 0.17, 6782
eur, 2019-07-03, 0.087, 0.089, 0.09, 0.087, 140321
yoj, 2019-07-03, 0.089, 0.086, 0.094, 0.085, 1076752
rfx, 2019-07-03, 0.04, 0.039, 0.04, 0.038, 512177
bda, 2019-07-03, 0.31, 0.325, 0.325, 0.305, 51481
avl, 2019-07-03, 0.015, 0.015, 0.015, 0.015, 10651044
pwl, 2019-07-03, 0.24, 0.275, 0.275, 0.235, 497015
cd1, 2019-07-03, 1.79, 1.75, 1.79, 1.75, 31143
rent, 2019-07-03, 2.89, 2.89, 2.89, 2.89, 4545
lom, 2019-07-03, 0.159536, 0.159536, 0.159536, 0.159536, 72277
mmj, 2019-07-03, 0.25, 0.255, 0.255, 0.25, 721356
agm, 2019-07-03, 1.93, 1.92, 1.93, 1.92, 12582
eas, 2019-07-03, 0.905, 0.9, 0.905, 0.9, 10174
ntd, 2019-07-03, 0.39, 0.39, 0.39, 0.39, 65000
mat, 2019-07-03, 0.145, 0.145, 0.145, 0.145, 150000
obj, 2019-07-03, 0.016, 0.014, 0.016, 0.014, 931428
lbt, 2019-07-03, 0.14, 0.135, 0.142, 0.135, 1678124
moq, 2019-07-03, 0.205, 0.205, 0.205, 0.205, 194000
gc1, 2019-07-03, 0.81, 0.84, 0.84, 0.81, 125935
rcl, 2019-07-03, 0.33, 0.33, 0.33, 0.33, 15000
ars, 2019-07-03, 0.017, 0.018, 0.021, 0.017, 5907547
smx, 2019-07-03, 0.34, 0.34, 0.34, 0.34, 6717
eff, 2019-07-03, 1.64, 1.64, 1.64, 1.64, 15000
wbt, 2019-07-03, 0.4988, 0.468872, 0.4988, 0.468872, 149034
vmc, 2019-07-03, 0.14, 0.15, 0.15, 0.14, 27797
gmc, 2019-07-03, 0.005, 0.005, 0.005, 0.005, 5666120
jyc, 2019-07-03, 1.52, 1.52, 1.52, 1.52, 19998
lcm, 2019-07-03, 0.205, 0.205, 0.205, 0.205, 2873
toe, 2019-07-03, 0.02, 0.02, 0.02, 0.019, 494292
xrf, 2019-07-03, 0.19, 0.19, 0.19, 0.19, 7900
mzz, 2019-07-03, 0.26, 0.265, 0.27, 0.26, 250202
pnl, 2019-07-03, 0.0949326, 0.0939639, 0.0959013, 0.0939639, 100063
mxi, 2019-07-03, 0.295, 0.275, 0.295, 0.275, 360000
krm, 2019-07-03, 0.035, 0.034, 0.035, 0.034, 1362598
gln, 2019-07-03, 0.185, 0.175, 0.185, 0.175, 256029
kfe, 2019-07-03, 0.066, 0.065, 0.066, 0.064, 163205
pek, 2019-07-03, 0.044, 0.048, 0.049, 0.044, 1108859
dro, 2019-07-03, 0.13, 0.13, 0.13, 0.13, 174000
kat, 2019-07-03, 0.755, 0.75, 0.76, 0.75, 51866
cg1, 2019-07-03, 0.31, 0.31, 0.31, 0.31, 3815
cv1, 2019-07-03, 0.2, 0.19, 0.2, 0.19, 737684
cli, 2019-07-03, 0.048, 0.051, 0.051, 0.048, 3406744
ct1, 2019-07-03, 0.0134121, 0.0134121, 0.0134121, 0.0134121, 906644
rtg, 2019-07-03, 0.08, 0.08, 0.08, 0.08, 32968
lng, 2019-07-03, 0.25, 0.245, 0.255, 0.24, 1073571
hav, 2019-07-03, 0.15848, 0.1535275, 0.15848, 0.1535275, 112160
td1, 2019-07-03, 0.013, 0.013, 0.013, 0.013, 80107
2be, 2019-07-03, 0.33, 0.32, 0.33, 0.305, 531124
chz, 2019-07-03, 0.042, 0.042, 0.042, 0.042, 6614
bno, 2019-07-03, 0.044, 0.039, 0.044, 0.039, 2063004
bkt, 2019-07-03, 0.082, 0.079, 0.082, 0.078, 1662316
czr, 2019-07-03, 0.008, 0.008, 0.008, 0.008, 716269
bud, 2019-07-03, 0.05, 0.052, 0.052, 0.05, 1068716
ais, 2019-07-03, 0.058, 0.049, 0.058, 0.049, 4419575
fct, 2019-07-03, 0.275, 0.28, 0.28, 0.27, 236638
amg, 2019-07-03, 0.11, 0.105, 0.11, 0.105, 1304575
bgt, 2019-07-03, 0.09, 0.09, 0.09, 0.09, 5000
mfd, 2019-07-03, 0.94, 0.92, 0.94, 0.92, 1084
gev, 2019-07-03, 0.21, 0.21, 0.22, 0.205, 733650
seq, 2019-07-03, 0.17, 0.17, 0.17, 0.17, 6500
emh, 2019-07-03, 0.38, 0.38, 0.38, 0.38, 11889
xam, 2019-07-03, 0.049, 0.053, 0.053, 0.049, 1696454
lke, 2019-07-03, 0.085, 0.079, 0.086, 0.079, 2846280
siv, 2019-07-03, 0.64, 0.71, 0.71, 0.6, 1490780
acr, 2019-07-03, 0.185, 0.185, 0.185, 0.185, 1000
ats, 2019-07-03, 0.267, 0.265, 0.27, 0.265, 99443
blu, 2019-07-03, 0.045, 0.045, 0.045, 0.045, 222000
14d, 2019-07-03, 0.285, 0.295, 0.295, 0.28, 47899
apc, 2019-07-03, 0.0968828, 0.09886, 0.09886, 0.0958942, 350741
anp, 2019-07-03, 0.041, 0.042, 0.042, 0.041, 334705
eve, 2019-07-03, 0.005, 0.005, 0.005, 0.005, 1373946
ags, 2019-07-03, 0.092, 0.09, 0.092, 0.088, 575289
cdy, 2019-07-03, 0.185, 0.205, 0.205, 0.185, 309074
acw, 2019-07-03, 0.01, 0.01, 0.01, 0.01, 1560664
3dp, 2019-07-03, 0.045, 0.045, 0.046, 0.045, 509021
hgo, 2019-07-03, 0.074, 0.074, 0.074, 0.074, 95000
ses, 2019-07-03, 0.044, 0.044, 0.044, 0.044, 30960
sdx, 2019-07-03, 0.068, 0.068, 0.068, 0.068, 7872
kpo, 2019-07-03, 0.023, 0.025, 0.025, 0.023, 286527
psc, 2019-07-03, 0.22, 0.21, 0.22, 0.2, 23577
prx, 2019-07-03, 0.099, 0.098, 0.1, 0.097, 1176854
pg1, 2019-07-03, 0.13, 0.135, 0.135, 0.13, 170675
av1, 2019-07-03, 0.13, 0.125, 0.13, 0.12, 596936
vml, 2019-07-03, 0.013, 0.013, 0.013, 0.013, 28853999
ybr, 2019-07-03, 0.07, 0.07, 0.07, 0.07, 9581
tv2, 2019-07-03, 0.01, 0.01, 0.011, 0.01, 6637887
mdi, 2019-07-03, 0.004, 0.006, 0.006, 0.004, 4724393
ict, 2019-07-03, 0.065, 0.066, 0.067, 0.065, 785331
mll, 2019-07-03, 0.138992, 0.134028, 0.143956, 0.134028, 121576
vol, 2019-07-03, 2.17, 2.2, 2.2, 2.17, 7454
ipt, 2019-07-03, 0.006, 0.006, 0.006, 0.006, 78885
ime, 2019-07-03, 0.053, 0.051, 0.055, 0.051, 3152204
aqi, 2019-07-03, 0.045, 0.046, 0.046, 0.044, 719214
bwf, 2019-07-03, 0.7640205, 0.7726535, 0.7726535, 0.7640205, 5444
rwd, 2019-07-03, 0.084, 0.084, 0.084, 0.084, 10000
tsl, 2019-07-03, 0.019, 0.019, 0.019, 0.019, 17523
oga, 2019-07-03, 0.148275, 0.148275, 0.148275, 0.148275, 29752
9sp, 2019-07-03, 0.017, 0.016, 0.017, 0.016, 2459112
mce, 2019-07-03, 0.32, 0.32, 0.32, 0.32, 51843
dcc, 2019-07-03, 0.05, 0.051, 0.051, 0.049, 3366799
hxg, 2019-07-03, 0.1, 0.096, 0.1, 0.096, 197273
gfl, 2019-07-03, 1.85, 1.85, 1.85, 1.85, 431
eer, 2019-07-03, 0.004, 0.004, 0.004, 0.004, 43050
mei, 2019-07-03, 0.024, 0.024, 0.025, 0.023, 4806536
pnx, 2019-07-03, 0.007, 0.007, 0.008, 0.007, 5515917
cnw, 2019-07-03, 0.037, 0.037, 0.037, 0.037, 33791
ptx, 2019-07-03, 0.04, 0.041, 0.041, 0.04, 441287
tas, 2019-07-03, 0.04, 0.043, 0.043, 0.039, 1401856
btc, 2019-07-03, 0.088, 0.086, 0.088, 0.086, 357308
is3, 2019-07-03, 0.2, 0.21, 0.215, 0.2, 3900
k2f, 2019-07-03, 0.165, 0.165, 0.165, 0.165, 50000
ajq, 2019-07-03, 0.069, 0.068, 0.069, 0.067, 417174
mgl, 2019-07-03, 0.025, 0.025, 0.025, 0.025, 43000
pks, 2019-07-03, 0.18, 0.175, 0.18, 0.175, 5000
myq, 2019-07-03, 0.17, 0.18, 0.18, 0.16, 299729
vr1, 2019-07-03, 0.016, 0.016, 0.016, 0.016, 317373
e25, 2019-07-03, 0.195, 0.19, 0.195, 0.19, 26573
kyk, 2019-07-03, 0.045, 0.05, 0.055, 0.045, 556729
as1, 2019-07-03, 0.19, 0.18, 0.19, 0.18, 361053
ngy, 2019-07-03, 0.007, 0.007, 0.007, 0.007, 300000
blg, 2019-07-03, 0.128267, 0.128267, 0.128267, 0.128267, 14922
dev, 2019-07-03, 0.06, 0.065, 0.065, 0.06, 142269
rxm, 2019-07-03, 0.053, 0.052, 0.053, 0.052, 313637
cob, 2019-07-03, 0.13, 0.135, 0.135, 0.13, 15143
esk, 2019-07-03, 0.22, 0.22, 0.22, 0.22, 20000
ayf, 2019-07-03, 5.91, 5.91, 5.91, 5.91, 6064
lrt, 2019-07-03, 0.41, 0.41, 0.41, 0.41, 12000
dtz, 2019-07-03, 0.08, 0.08, 0.086, 0.08, 1437829
rdm, 2019-07-03, 0.09, 0.09, 0.09, 0.088, 359512
egr, 2019-07-03, 0.135, 0.135, 0.14, 0.13, 107090
rdh, 2019-07-03, 2, 2, 2, 2, 5830
sya, 2019-07-03, 0.0088002, 0.0078224, 0.0088002, 0.0078224, 235727
au8, 2019-07-03, 0.135, 0.135, 0.135, 0.135, 70000
hrr, 2019-07-03, 0.463826, 0.4438335, 0.463826, 0.4438335, 32834
ath, 2019-07-03, 0.03, 0.03, 0.03, 0.03, 500000
lex, 2019-07-03, 0.22, 0.2, 0.22, 0.2, 89544
znc, 2019-07-03, 0.0821355, 0.0821355, 0.0821355, 0.0821355, 611362
vxr, 2019-07-03, 0.18, 0.18, 0.18, 0.175, 150874
erg, 2019-07-03, 0.071, 0.071, 0.071, 0.069, 29816
gbz, 2019-07-03, 0.05, 0.05, 0.05, 0.05, 1129
hrn, 2019-07-03, 0.17, 0.16, 0.17, 0.16, 15882
pio, 2019-07-03, 0.012, 0.012, 0.012, 0.011, 1693333
cdx, 2019-07-03, 0.028, 0.027, 0.028, 0.027, 591386
fpp, 2019-07-03, 1.0073655, 1.0073655, 1.0073655, 1.0073655, 51
vn8, 2019-07-03, 0.12, 0.115, 0.12, 0.115, 45000
rlt, 2019-07-03, 0.8, 0.81, 0.81, 0.8, 15000
ntl, 2019-07-03, 0.007, 0.007, 0.007, 0.007, 2557136
mep, 2019-07-03, 0.039, 0.039, 0.039, 0.039, 456546
lnu, 2019-07-03, 0.045, 0.044, 0.045, 0.043, 1056207
fzr, 2019-07-03, 0.185, 0.185, 0.185, 0.185, 45600
xpl, 2019-07-03, 0.105, 0.1, 0.105, 0.1, 188044
tdo, 2019-07-03, 0.105, 0.105, 0.105, 0.105, 167231
em2, 2019-07-03, 0.15, 0.15, 0.15, 0.15, 31567
frm, 2019-07-03, 0.22, 0.22, 0.22, 0.22, 5000
lny, 2019-07-03, 0.01, 0.01, 0.01, 0.01, 2157569
drx, 2019-07-03, 0.012, 0.012, 0.012, 0.012, 3078603
acb, 2019-07-03, 0.033, 0.033, 0.033, 0.033, 11000
sor, 2019-07-03, 0.035, 0.035, 0.035, 0.035, 426275
imc, 2019-07-03, 0.115, 0.115, 0.115, 0.115, 88640
clb, 2019-07-03, 0.086, 0.086, 0.086, 0.086, 43225
pmy, 2019-07-03, 0.006, 0.006, 0.006, 0.006, 1364000
a1m, 2019-07-03, 0.37, 0.37, 0.37, 0.37, 1080
pnc, 2019-07-03, 2.57, 2.51, 2.58, 2.49, 183692
esh, 2019-07-03, 0.014, 0.014, 0.014, 0.014, 6643096
nwe, 2019-07-03, 0.002, 0.002, 0.002, 0.002, 200000
tlm, 2019-07-03, 0.08, 0.08, 0.08, 0.08, 23153
cph, 2019-07-03, 0.51, 0.49, 0.51, 0.49, 369760
ecg, 2019-07-03, 0.052, 0.052, 0.052, 0.052, 4848
onx, 2019-07-03, 0.15, 0.15, 0.15, 0.15, 12064
pab, 2019-07-03, 0.025, 0.024, 0.025, 0.024, 608333
vrc, 2019-07-03, 0.017883, 0.017883, 0.017883, 0.017883, 476349
fex, 2019-07-03, 0.105, 0.11, 0.115, 0.102, 2123140
cxz, 2019-07-03, 0.013, 0.012, 0.013, 0.012, 232705
anl, 2019-07-03, 0.002, 0.002, 0.002, 0.002, 340000
fei, 2019-07-03, 0.1, 0.11, 0.11, 0.1, 165708
msm, 2019-07-03, 0.007, 0.007, 0.007, 0.007, 1998444
ca8, 2019-07-03, 0.12, 0.12, 0.12, 0.12, 8740
bpp, 2019-07-03, 0.017, 0.017, 0.017, 0.017, 100001
rno, 2019-07-03, 0.235, 0.235, 0.235, 0.235, 99754
mil, 2019-07-03, 0.17, 0.17, 0.17, 0.17, 60000
oli, 2019-07-03, 0.046, 0.044, 0.046, 0.042, 1118911
1st, 2019-07-03, 0.065, 0.065, 0.065, 0.064, 522336
azs, 2019-07-03, 0.094, 0.094, 0.094, 0.094, 86752
wel, 2019-07-03, 0.03, 0.027, 0.03, 0.027, 747734
hng, 2019-07-03, 0.3484144, 0.3484144, 0.3484144, 0.3484144, 2659
exr, 2019-07-03, 0.038, 0.036, 0.039, 0.035, 1859042
dcl, 2019-07-03, 0.090896, 0.0899392, 0.090896, 0.0899392, 67895
caf, 2019-07-03, 0.105, 0.099, 0.105, 0.099, 367142
euc, 2019-07-03, 0.019, 0.019, 0.019, 0.019, 232389
ce1, 2019-07-03, 0.019, 0.019, 0.019, 0.019, 15000
mob, 2019-07-03, 0.084, 0.084, 0.084, 0.084, 20000
ex1, 2019-07-03, 0.4, 0.4, 0.4, 0.4, 20000
lpe, 2019-07-03, 0.85, 0.865, 0.87, 0.85, 10725
rml, 2019-07-03, 0.036, 0.036, 0.036, 0.036, 19038
kbc, 2019-07-03, 0.072, 0.075, 0.075, 0.072, 569765
dvn, 2019-07-03, 0.135, 0.135, 0.135, 0.135, 2000
aiy, 2019-07-03, 0.034, 0.031, 0.034, 0.03, 352829
mwr, 2019-07-03, 0.326, 0.309, 0.326, 0.309, 1312870
ihr, 2019-07-03, 0.09, 0.088, 0.092, 0.087, 235806
bug, 2019-07-03, 0.17, 0.17, 0.17, 0.17, 12715
adr, 2019-07-03, 0.029, 0.028, 0.029, 0.028, 150000
abx, 2019-07-03, 0.12, 0.125, 0.125, 0.12, 114346
jrl, 2019-07-03, 0.39236, 0.3972645, 0.4070735, 0.39236, 123419
hmx, 2019-07-03, 0.025, 0.025, 0.025, 0.025, 143586
tmt, 2019-07-03, 0.22, 0.235, 0.24, 0.22, 131820
bux, 2019-07-03, 0.105, 0.105, 0.105, 0.105, 66894
kai, 2019-07-03, 0.015, 0.016, 0.016, 0.015, 94315
oda, 2019-07-03, 0.11, 0.115, 0.115, 0.11, 25905
mgu, 2019-07-03, 0.0686854, 0.0686854, 0.0686854, 0.0686854, 51685
wbe, 2019-07-03, 0.004, 0.004, 0.004, 0.004, 4580000
kss, 2019-07-03, 0.315, 0.32, 0.32, 0.31, 576430
wnb, 2019-07-03, 0.014, 0.014, 0.014, 0.014, 45540
gml, 2019-07-03, 0.012, 0.012, 0.012, 0.012, 1031348
psz, 2019-07-03, 0.022239036, 0.022239036, 0.023886372, 0.022239036, 291734
nvo, 2019-07-03, 0.013, 0.014, 0.014, 0.013, 604822
au1, 2019-07-03, 0.075, 0.075, 0.076, 0.075, 97389
fdm, 2019-07-03, 0.025, 0.023, 0.026, 0.023, 1055403
c6c, 2019-07-03, 0.88, 0.89, 0.89, 0.88, 3348
unl, 2019-07-03, 0.011, 0.011, 0.011, 0.011, 28333
ovt, 2019-07-03, 0.07, 0.069, 0.07, 0.069, 557196
ksm, 2019-07-03, 2.08, 2.08, 2.08, 2.08, 191095
osp, 2019-07-03, 0.074, 0.073, 0.075, 0.072, 671558
jay, 2019-07-03, 0.3, 0.3, 0.3, 0.3, 1667
nsb, 2019-07-03, 0.37, 0.355, 0.435, 0.34, 15465707
ven, 2019-07-03, 0.13, 0.135, 0.14, 0.13, 527352
fyi, 2019-07-03, 0.051, 0.05, 0.051, 0.05, 161007
ehx, 2019-07-03, 0.036, 0.036, 0.036, 0.036, 34354
pil, 2019-07-03, 0.013, 0.013, 0.013, 0.013, 132891
arq, 2019-07-03, 0.635, 0.665, 0.67, 0.625, 562294
bar, 2019-07-03, 0.022, 0.021, 0.022, 0.021, 331454
vms, 2019-07-03, 0.019, 0.021, 0.022, 0.019, 6430929
rvs, 2019-07-03, 1.3, 1.3, 1.3, 1.3, 3307
wsi, 2019-07-03, 0.025, 0.024, 0.025, 0.024, 520108
jcs, 2019-07-03, 0.032, 0.032, 0.032, 0.032, 111999
blv, 2019-07-03, 0.13725, 0.13725, 0.13725, 0.13725, 612
asn, 2019-07-03, 0.048, 0.05, 0.052, 0.048, 1006435
cgn, 2019-07-03, 0.013, 0.013, 0.013, 0.013, 37938
tpp, 2019-07-03, 0.0551931, 0.0551931, 0.0551931, 0.0551931, 21906
amt, 2019-07-03, 0.1, 0.1, 0.1, 0.1, 150000
tps, 2019-07-03, 0.17, 0.17, 0.17, 0.17, 1785
ivz, 2019-07-03, 0.042, 0.038, 0.042, 0.038, 2438940
mse, 2019-07-03, 0.007, 0.007, 0.007, 0.007, 100000
kis, 2019-07-03, 0.076, 0.08, 0.08, 0.076, 114325
msr, 2019-07-03, 0.003, 0.003, 0.003, 0.003, 2700000
rim, 2019-07-03, 0.003, 0.003, 0.003, 0.003, 476528
rnu, 2019-07-03, 0.021, 0.021, 0.021, 0.021, 1000512
8co, 2019-07-03, 0.16, 0.16, 0.16, 0.16, 93600
fpl, 2019-07-03, 0.009, 0.009, 0.009, 0.009, 1468410
tsc, 2019-07-03, 0.002, 0.002, 0.002, 0.002, 13666315
stm, 2019-07-03, 0.03, 0.034, 0.035, 0.03, 7402260
cl8, 2019-07-03, 0.01, 0.01, 0.01, 0.01, 415273
wwi, 2019-07-03, 0.007, 0.007, 0.007, 0.007, 381002
rgi, 2019-07-03, 0.17, 0.175, 0.18, 0.17, 98802
adx, 2019-07-03, 0.006, 0.006, 0.006, 0.006, 750
ptr, 2019-07-03, 0.036, 0.036, 0.036, 0.036, 4546
anr, 2019-07-03, 0.25, 0.29, 0.29, 0.25, 52813
ivr, 2019-07-03, 0.012, 0.012, 0.012, 0.012, 400000
teg, 2019-07-03, 0.078, 0.081, 0.081, 0.078, 131569
afl, 2019-07-03, 0.19, 0.19, 0.19, 0.19, 65307
cwl, 2019-07-03, 0.06, 0.06, 0.06, 0.06, 46662
en1, 2019-07-03, 0.045, 0.041, 0.047, 0.041, 21793496
avc, 2019-07-03, 0.295, 0.36, 0.36, 0.295, 36500
cpv, 2019-07-03, 0.22, 0.22, 0.225, 0.205, 26430
cto, 2019-07-03, 0.005, 0.005, 0.005, 0.005, 666739
1ad, 2019-07-03, 0.14, 0.14, 0.14, 0.14, 60568
asq, 2019-07-03, 0.039, 0.039, 0.039, 0.039, 12632
vul, 2019-07-03, 0.155, 0.16, 0.16, 0.155, 34132
hcd, 2019-07-03, 0.038, 0.038, 0.038, 0.038, 50000
cxu, 2019-07-03, 0.02, 0.02, 0.02, 0.02, 70000
dti, 2019-07-03, 0.029, 0.029, 0.029, 0.029, 97739
mrv, 2019-07-03, 0.005, 0.005, 0.005, 0.005, 389132
gul, 2019-07-03, 0.028, 0.027, 0.028, 0.027, 100000
rhy, 2019-07-03, 0.18, 0.18, 0.2, 0.18, 210441
tpc, 2019-07-03, 0.395, 0.3, 0.4, 0.3, 83740
abv, 2019-07-03, 0.018, 0.018, 0.018, 0.018, 28840
lmg, 2019-07-03, 0.006, 0.006, 0.006, 0.006, 155000
inf, 2019-07-03, 0.071, 0.069, 0.071, 0.069, 593259
bee, 2019-07-03, 0.02, 0.021, 0.022, 0.02, 270130
a3d, 2019-07-03, 0.38, 0.38, 0.395, 0.375, 1343255
cr1, 2019-07-03, 0.26, 0.26, 0.26, 0.26, 6000
dre, 2019-07-03, 0.003, 0.003, 0.003, 0.003, 108627
sho, 2019-07-03, 0.062, 0.063, 0.063, 0.061, 50002
hwk, 2019-07-03, 0.022, 0.021, 0.022, 0.021, 2811053
vrs, 2019-07-03, 0.05, 0.05, 0.05, 0.05, 9172
cfo, 2019-07-03, 0.17, 0.195, 0.195, 0.17, 51500
bsm, 2019-07-03, 0.008, 0.008, 0.008, 0.008, 200000
hyd, 2019-07-03, 0.32, 0.31, 0.33, 0.31, 289251
jxt, 2019-07-03, 0.21, 0.2, 0.21, 0.2, 218356
goo, 2019-07-03, 0.05, 0.043, 0.054, 0.043, 551399
cp1, 2019-07-03, 0.155, 0.16, 0.16, 0.155, 36700
qgl, 2019-07-03, 0.105, 0.105, 0.105, 0.105, 8571
yow, 2019-07-03, 0.061, 0.062, 0.062, 0.061, 800007
lct, 2019-07-03, 0.023, 0.024, 0.024, 0.023, 76848
aul, 2019-07-03, 0.004, 0.003, 0.004, 0.003, 380000
caz, 2019-07-03, 0.023, 0.024, 0.024, 0.022, 436468
whk, 2019-07-03, 0.1, 0.1, 0.105, 0.097, 427871
aee, 2019-07-03, 0.011, 0.011, 0.011, 0.01, 2100000
sw1, 2019-07-03, 0.192507, 0.192507, 0.192507, 0.1879235, 122127
bat, 2019-07-03, 0.015, 0.015, 0.015, 0.015, 1877612
are, 2019-07-03, 0.005, 0.005, 0.005, 0.005, 333742
srk, 2019-07-03, 0.048, 0.048, 0.048, 0.048, 64265
nvu, 2019-07-03, 0.052, 0.044, 0.052, 0.044, 206442
one, 2019-07-03, 0.27, 0.265, 0.27, 0.265, 546035
scu, 2019-07-03, 0.016, 0.016, 0.016, 0.016, 29000
pgr, 2019-07-03, 0.14, 0.14, 0.14, 0.14, 10000
elt, 2019-07-03, 0.005, 0.006, 0.006, 0.005, 6025000
buy, 2019-07-03, 0.003, 0.003, 0.003, 0.003, 607800
hsc, 2019-07-03, 0.016786, 0.016786, 0.016786, 0.016786, 119147
rlg, 2019-07-03, 0.047, 0.045, 0.047, 0.045, 175097
pxx, 2019-07-03, 0.087, 0.086, 0.089, 0.086, 77937
aqd, 2019-07-03, 0.014, 0.014, 0.014, 0.014, 300000
kta, 2019-07-03, 0.021, 0.021, 0.021, 0.021, 100001
dmkt, 2019-07-03, 2.48, 2.48, 2.48, 2.48, 11268
hhm, 2019-07-03, 0.016, 0.015, 0.016, 0.015, 100000
ibg, 2019-07-03, 0.018, 0.018, 0.018, 0.017, 643312
ar9, 2019-07-03, 0.1, 0.1, 0.1, 0.1, 5500
gid, 2019-07-03, 0.03, 0.03, 0.03, 0.03, 51355
bdg, 2019-07-03, 0.085, 0.085, 0.085, 0.085, 208666
inp, 2019-07-03, 0.043, 0.039, 0.043, 0.038, 493755
cnb, 2019-07-03, 0.145, 0.15, 0.15, 0.14, 565837
erl, 2019-07-03, 0.0073768, 0.0073768, 0.0073768, 0.0073768, 54224
adv, 2019-07-03, 0.003, 0.003, 0.003, 0.003, 8959866
pm1, 2019-07-03, 0.018, 0.018, 0.019, 0.018, 1759572
ici, 2019-07-03, 0.046, 0.045, 0.046, 0.045, 110950
aqc, 2019-07-03, 0.51, 0.495, 0.51, 0.475, 48947
mbk, 2019-07-03, 0.007, 0.007, 0.007, 0.007, 63450
alt, 2019-07-03, 0.004, 0.004, 0.004, 0.004, 400000
hmd, 2019-07-03, 0.23, 0.215, 0.23, 0.21, 219964
xcd, 2019-07-03, 0.007, 0.007, 0.008, 0.007, 2270602
vti, 2019-07-03, 0.06, 0.058, 0.06, 0.058, 469956
meb, 2019-07-03, 0.02, 0.019, 0.021, 0.019, 2539974
dw8, 2019-07-03, 0.007944, 0.007944, 0.007944, 0.007944, 426939
syt, 2019-07-03, 0.0024999, 0.0024999, 0.0024999, 0.0016666, 3720146
czl, 2019-07-03, 0.008116029, 0.00901781, 0.00901781, 0.008116029, 1748975
awv, 2019-07-03, 0.009141792, 0.009972864, 0.009972864, 0.009141792, 900800
cca, 2019-07-03, 0.0402144, 0.04189, 0.04189, 0.0402144, 38460
oex, 2019-07-03, 0.003, 0.003, 0.003, 0.003, 60000
key, 2019-07-03, 0.004, 0.004, 0.004, 0.004, 650000
cla, 2019-07-03, 0.033, 0.034, 0.036, 0.032, 30480942
rle, 2019-07-03, 0.064, 0.064, 0.065, 0.064, 182060
tnr, 2019-07-03, 0.009, 0.008, 0.009, 0.008, 521358
4ce, 2019-07-03, 0.01, 0.01, 0.01, 0.01, 405254
sri, 2019-07-03, 0.096, 0.108, 0.108, 0.096, 44254
xtc, 2019-07-03, 0.003, 0.003, 0.003, 0.003, 390000
cxx, 2019-07-03, 0.08, 0.081, 0.081, 0.08, 25955
ad1, 2019-07-03, 0.012, 0.012, 0.012, 0.011, 135000
sup, 2019-07-03, 0.18, 0.18, 0.18, 0.18, 136558
sud, 2019-07-03, 0.1, 0.1, 0.1, 0.075, 92116
aur, 2019-07-03, 0.016, 0.016, 0.016, 0.016, 74105
ffg, 2019-07-03, 0.015, 0.015, 0.018, 0.014, 24200471
tmr, 2019-07-03, 0.17, 0.17, 0.17, 0.165, 100500
nor, 2019-07-03, 0.05, 0.04, 0.05, 0.04, 893630
cap, 2019-07-03, 0.051, 0.053, 0.053, 0.051, 154607
awn, 2019-07-03, 0.17, 0.17, 0.17, 0.165, 100917
atx, 2019-07-03, 0.095, 0.095, 0.095, 0.095, 8354
rbr, 2019-07-03, 0.015, 0.017, 0.017, 0.015, 1013588
tti, 2019-07-03, 0.022, 0.021, 0.022, 0.021, 50000
rez, 2019-07-03, 0.05, 0.05, 0.05, 0.045, 291262
cm8, 2019-07-03, 0.018, 0.017, 0.018, 0.017, 158718
czn, 2019-07-03, 0.002, 0.002, 0.002, 0.002, 150000
brk, 2019-07-03, 0.011, 0.011, 0.011, 0.011, 3100000
em1, 2019-07-03, 0.025, 0.027, 0.027, 0.025, 9219250
fel, 2019-07-03, 0.016, 0.016, 0.016, 0.016, 100000
cio, 2019-07-03, 0.04, 0.04, 0.05, 0.04, 4418055
se1, 2019-07-03, 0.115, 0.11, 0.115, 0.11, 599385
amd, 2019-07-03, 0.012, 0.012, 0.012, 0.012, 500000
rfr, 2019-07-03, 0.14, 0.135, 0.14, 0.125, 180580
wtl, 2019-07-03, 0.033, 0.033, 0.033, 0.033, 96
age, 2019-07-03, 0.003, 0.003, 0.003, 0.003, 3500000
vp7, 2019-07-03, 1.05, 1.05, 1.05, 1.05, 6122
vr8, 2019-07-03, 0.072, 0.072, 0.072, 0.072, 10164
mkg, 2019-07-03, 0.085, 0.083, 0.085, 0.083, 52667
mrz, 2019-07-03, 0.275, 0.275, 0.275, 0.275, 21339
mrd, 2019-07-03, 0.001, 0.001, 0.001, 0.001, 328754
ahl, 2019-07-03, 0.006, 0.007, 0.007, 0.006, 4602650
sp3, 2019-07-03, 0.115, 0.115, 0.115, 0.11, 296637
cad, 2019-07-03, 0.001, 0.001, 0.002, 0.001, 1570500
frx, 2019-07-03, 0.013539, 0.0162468, 0.0162468, 0.013539, 70071
gbe, 2019-07-03, 0.015, 0.015, 0.015, 0.015, 2658
lsr, 2019-07-03, 0.008, 0.008, 0.008, 0.008, 460000
ypb, 2019-07-03, 0.006, 0.006, 0.006, 0.006, 567909
jpr, 2019-07-03, 0.012, 0.015, 0.015, 0.012, 35000
sil, 2019-07-03, 0.110004, 0.119171, 0.119171, 0.110004, 177812
dxn, 2019-07-03, 0.049864676, 0.04648402, 0.053245332, 0.043948528, 5345305
crl, 2019-07-03, 0.027, 0.026, 0.027, 0.026, 848911
dhr, 2019-07-03, 0.004, 0.004, 0.004, 0.004, 250000
ida, 2019-07-03, 0.028, 0.028, 0.028, 0.028, 4227
chk, 2019-07-03, 0.011, 0.011, 0.011, 0.011, 494680
gpx, 2019-07-03, 0.265, 0.25, 0.27, 0.25, 221964
jhl, 2019-07-03, 0.048, 0.048, 0.048, 0.048, 12000
fnt, 2019-07-03, 0.015, 0.018, 0.018, 0.015, 2819993
hip, 2019-07-03, 0.008, 0.008, 0.008, 0.007, 206557
gsm, 2019-07-03, 0.082, 0.081, 0.082, 0.081, 60000
ajc, 2019-07-03, 0.001, 0.001, 0.001, 0.001, 100000
icg, 2019-07-03, 0.0027999, 0.0027999, 0.0027999, 0.0027999, 134037
fun, 2019-07-03, 0.029, 0.03, 0.03, 0.029, 164
qfy, 2019-07-03, 0.005, 0.005, 0.005, 0.005, 12949016
gbr, 2019-07-03, 0.0513, 0.0513, 0.0513, 0.05035, 147974
hlx, 2019-07-03, 0.015, 0.015, 0.015, 0.015, 150000
ivo, 2019-07-03, 0.06, 0.06, 0.06, 0.06, 120025
ser, 2019-07-03, 0.006, 0.006, 0.006, 0.006, 2970895
dtm, 2019-07-03, 0.1, 0.08, 0.1, 0.08, 32150
lsa, 2019-07-03, 0.008, 0.008, 0.008, 0.008, 800000
tzl, 2019-07-03, 0.093, 0.093, 0.093, 0.093, 22500
bnl, 2019-07-03, 0.007, 0.007, 0.007, 0.007, 142630
mnw, 2019-07-03, 0.024, 0.024, 0.024, 0.024, 166983
slz, 2019-07-03, 0.058, 0.058, 0.058, 0.058, 35000
hgm, 2019-07-03, 0.007, 0.007, 0.007, 0.007, 525720
thd, 2019-07-03, 0.002, 0.002, 0.002, 0.002, 502540
nse, 2019-07-03, 0.005, 0.005, 0.005, 0.005, 50000
aev, 2019-07-03, 0.005, 0.006, 0.006, 0.005, 589800
crs, 2019-07-03, 0.14, 0.14, 0.14, 0.14, 40000
trt, 2019-07-03, 0.0405426, 0.0405426, 0.0405426, 0.0405426, 10359
xtd, 2019-07-03, 0.02, 0.023, 0.023, 0.02, 343926
olv, 2019-07-03, 0.009, 0.009, 0.009, 0.009, 11152
prz, 2019-07-03, 0.075, 0.075, 0.075, 0.075, 20000
roo, 2019-07-03, 0.07, 0.069, 0.07, 0.068, 52169
kmt, 2019-07-03, 0.01, 0.01, 0.01, 0.01, 1035149
mls, 2019-07-03, 0.002, 0.002, 0.002, 0.001, 73445901
tyx, 2019-07-03, 0.004, 0.004, 0.004, 0.004, 1083545
vic, 2019-07-03, 0.002, 0.002, 0.002, 0.002, 500000
auh, 2019-07-03, 0.003, 0.003, 0.003, 0.003, 200000
daf, 2019-07-03, 0.014, 0.014, 0.014, 0.014, 300000
ppy, 2019-07-03, 0.005, 0.005, 0.005, 0.005, 10000
g88, 2019-07-03, 0.052, 0.052, 0.052, 0.052, 15000
pnn, 2019-07-03, 0.003, 0.003, 0.003, 0.003, 1125000
sis, 2019-07-03, 0.05, 0.054, 0.055, 0.049, 749351
lsh, 2019-07-03, 0.085, 0.085, 0.085, 0.085, 75000
dcx, 2019-07-03, 0.006, 0.005, 0.006, 0.005, 269211
ran, 2019-07-03, 0.026, 0.027, 0.027, 0.025, 855000
pua, 2019-07-03, 0.038, 0.038, 0.038, 0.036, 511528
mqr, 2019-07-03, 0.11, 0.11, 0.11, 0.11, 80000
rds, 2019-07-03, 0.014, 0.014, 0.014, 0.014, 15000
anw, 2019-07-03, 0.009, 0.009, 0.009, 0.009, 1832046
ddd, 2019-07-03, 0.001, 0.001, 0.001, 0.001, 120000
msg, 2019-07-03, 0.015, 0.015, 0.015, 0.015, 234134
arm, 2019-07-03, 0.011, 0.011, 0.011, 0.011, 715948
dlc, 2019-07-03, 0.005, 0.005, 0.005, 0.005, 32000
tbl, 2019-07-03, 0.49, 0.49, 0.49, 0.49, 528
svd, 2019-07-03, 0.009, 0.009, 0.009, 0.009, 25000
bph, 2019-07-03, 0.01, 0.01, 0.01, 0.01, 100000
cse, 2019-07-03, 0.084, 0.085, 0.085, 0.084, 10702
atp, 2019-07-03, 0.01, 0.01, 0.01, 0.01, 151903
rev, 2019-07-03, 0.011, 0.011, 0.011, 0.011, 924823
ffr, 2019-07-03, 0.099996, 0.099996, 0.099996, 0.099996, 8000
rne, 2019-07-03, 0.058, 0.058, 0.058, 0.058, 3512
gte, 2019-07-03, 0.0036192, 0.0036192, 0.0036192, 0.0036192, 2646468
var, 2019-07-03, 0.04, 0.04, 0.04, 0.04, 25000
rog, 2019-07-03, 0.002, 0.002, 0.002, 0.002, 28900000
wml, 2019-07-03, 0.0312465, 0.0278685, 0.0329355, 0.0278685, 240822
cnj, 2019-07-03, 0.0127374, 0.0127374, 0.0127374, 0.0127374, 310455
cml, 2019-07-03, 0.033, 0.034, 0.035, 0.033, 1329583
tym, 2019-07-03, 0.147165, 0.127543, 0.147165, 0.127543, 63539
utr, 2019-07-03, 0.002, 0.002, 0.002, 0.002, 10822
rcp, 2019-07-03, 0.012, 0.012, 0.012, 0.012, 15937
vka, 2019-07-03, 0.011, 0.014, 0.014, 0.011, 778059
ip1, 2019-07-03, 0.016, 0.018, 0.018, 0.014, 1094411
opl, 2019-07-03, 0.1, 0.1, 0.1, 0.1, 2500
rdn, 2019-07-03, 0.006, 0.006, 0.006, 0.006, 385177
rfn, 2019-07-03, 0.004, 0.004, 0.004, 0.004, 520474
tmz, 2019-07-03, 0.022, 0.02, 0.022, 0.02, 100000
pak, 2019-07-03, 0.0394181, 0.0394181, 0.0394181, 0.0385014, 809207
rgl, 2019-07-03, 0.017692, 0.017692, 0.017692, 0.017692, 113045
val, 2019-07-03, 0.005, 0.005, 0.005, 0.005, 400000
wcn, 2019-07-03, 0.005, 0.005, 0.005, 0.005, 250000
biq, 2019-07-03, 0.051, 0.051, 0.052, 0.051, 75479
fau, 2019-07-03, 0.018, 0.016, 0.018, 0.016, 273163
cyq, 2019-07-03, 0.0008333, 0.0008333, 0.0008333, 0.0008333, 2400096
shh, 2019-07-03, 0.007, 0.007, 0.007, 0.007, 1434834
mcb, 2019-07-03, 0.1, 0.1, 0.1, 0.1, 5000
fam, 2019-07-03, 0.05, 0.05, 0.05, 0.05, 5754
kas, 2019-07-03, 0.055, 0.055, 0.055, 0.055, 78415
mpr, 2019-07-03, 0.03, 0.03, 0.03, 0.03, 10463
suh, 2019-07-03, 0.036, 0.036, 0.036, 0.036, 9209
ese, 2019-07-03, 0.021, 0.021, 0.021, 0.019, 3631426
fgo, 2019-07-03, 0.006, 0.006, 0.006, 0.006, 80000
iam, 2019-07-03, 0.001, 0.001, 0.001, 0.001, 1033022
cro, 2019-07-03, 0.011, 0.011, 0.011, 0.011, 658000
si6, 2019-07-03, 0.005, 0.005, 0.005, 0.005, 627063
tkl, 2019-07-03, 0.012, 0.012, 0.012, 0.012, 5000
srn, 2019-07-03, 0.003, 0.003, 0.003, 0.003, 358333
pow, 2019-07-03, 0.009, 0.009, 0.009, 0.009, 768
iec, 2019-07-03, 0.014, 0.014, 0.014, 0.014, 269000
nti, 2019-07-03, 0.02, 0.018, 0.021, 0.018, 1890157
mct, 2019-07-03, 0.0060669, 0.0060669, 0.0060669, 0.0060669, 514944
pur, 2019-07-03, 0.011, 0.011, 0.011, 0.01, 2168251
ttl, 2019-07-03, 0.013, 0.013, 0.013, 0.013, 350406
emp, 2019-07-03, 0.045, 0.045, 0.045, 0.045, 358667
oar, 2019-07-03, 0.0099, 0.009, 0.0099, 0.009, 809260
thr, 2019-07-03, 0.016, 0.017, 0.018, 0.016, 1005000
mxr, 2019-07-03, 0.0629696, 0.0629696, 0.0629696, 0.0629696, 6187
dor, 2019-07-03, 0.038, 0.04, 0.04, 0.038, 60000
trl, 2019-07-03, 0.04, 0.06, 0.06, 0.04, 2157804
abt, 2019-07-03, 0.064, 0.064, 0.064, 0.064, 1500
pko, 2019-07-03, 0.0219995, 0.0219995, 0.0219995, 0.0219995, 1316
8ec, 2019-07-03, 0.78, 0.78, 0.78, 0.78, 15000
lrs, 2019-07-03, 0.04375, 0.021875, 0.04375, 0.021875, 786286
t3d, 2019-07-03, 0.001, 0.001, 0.001, 0.001, 400000
nxe, 2019-07-03, 0.017, 0.017, 0.017, 0.016, 132777
icu, 2019-07-03, 0.007, 0.007, 0.007, 0.007, 14980
rlc, 2019-07-03, 0.004, 0.004, 0.004, 0.004, 200000
pbx, 2019-07-03, 0.007, 0.007, 0.007, 0.007, 1561551
e2e, 2019-07-03, 0.005, 0.005, 0.005, 0.005, 2400000
uuv, 2019-07-03, 0.008, 0.009, 0.01, 0.008, 16393113
ppl, 2019-07-03, 0.011, 0.011, 0.011, 0.011, 33846
bmg, 2019-07-03, 0.011, 0.013, 0.013, 0.011, 1800000
