csl, 2006-02-27, 16.83, 16.896, 17.127, 16.8234, 3781936
cba, 2006-02-27, 43.891698, 44.2597, 44.2597, 43.7624, 2643064
bhp, 2006-02-27, 22.25136, 22.34196, 22.36914, 22.17888, 22860079
wbc, 2006-02-27, 23.39948953, 23.43899901, 23.43899901, 22.95500788, 4835338
nab, 2006-02-27, 35.344515, 36.034645, 36.034645, 35.285361, 5282099
wow, 2006-02-27, 18, 17.92, 18.17, 17.92, 4234564
anz, 2006-02-27, 25.75, 25.66, 25.76, 25.45, 6771113
wes, 2006-02-27, 24.20057871, 24.33432051, 24.3410076, 24.01334019, 659490
tcl, 2006-02-27, 6.81453064, 6.82410161, 6.84324355, 6.77624676, 1474203
tls, 2006-02-27, 3.88, 3.91, 3.91, 3.87, 26395116
fmg, 2006-02-27, 0.549, 0.538, 0.549, 0.53, 1515280
rio, 2006-02-27, 57.299055, 57.5751, 57.874806, 57.220185, 1807315
gmg, 2006-02-27, 22.705, 22.61418, 22.705, 22.43254, 1698282
ncm, 2006-02-27, 19.688284, 19.623702, 19.97429, 19.3746, 3934535
wpl, 2006-02-27, 41.3852024, 40.56142112, 41.64018232, 40.56142112, 1917094
fph, 2006-02-27, 3.4, 3.36, 3.4, 3.36, 263638
all, 2006-02-27, 12.1, 12.2, 12.31, 12.06, 2232715
asx, 2006-02-27, 31.99625, 32.33098, 32.39005, 31.080665, 421362
rhc, 2006-02-27, 9.31, 9.8, 9.85, 9.31, 368711
amc, 2006-02-27, 6.3460106, 6.32028353, 6.38031336, 6.28598077, 2298975
apa, 2006-02-27, 3.9953389, 4.00454475, 4.00454475, 3.9585155, 345800
shl, 2006-02-27, 15.14, 15.48, 15.48, 15.12, 1144036
iag, 2006-02-27, 5.368979, 5.349057, 5.37894, 5.319174, 10859733
syd, 2006-02-27, 3.16398636, 3.15422097, 3.16398636, 3.1249248, 5226705
coh, 2006-02-27, 47.5, 47.9, 48.51, 47.21, 239018
rea, 2006-02-27, 3.34934, 3.497105, 3.497105, 3.329638, 84400
qbe, 2006-02-27, 20.8, 21.02, 21.14, 20.72, 4382517
sun, 2006-02-27, 20.18573356, 19.7680307, 20.2537317, 19.60289236, 6230052
dxs, 2006-02-27, 8.031261, 8.231328, 8.231328, 8.00268, 1287886
sto, 2006-02-27, 9.47232156, 9.41603442, 9.5688138, 9.38387034, 6003738
jhx, 2006-02-27, 8.7, 8.73, 8.77, 8.59, 1854433
evn, 2006-02-27, 1.73408784, 1.66183418, 1.73408784, 1.66183418, 28569
org, 2006-02-27, 5.84829584, 5.83129498, 5.89929842, 5.81429412, 6483879
rmd, 2006-02-27, 2.76, 2.795, 2.795, 2.73, 1693730
mgr, 2006-02-27, 3.7928275, 3.7395325, 3.80171, 3.712885, 11076328
aia, 2006-02-27, 1.6271277, 1.62219701, 1.6271277, 1.60740494, 426965
spk, 2006-02-27, 3.66696, 3.66696, 3.6828, 3.65112, 5807636
gpt, 2006-02-27, 13.5456948, 13.81000104, 13.81000104, 13.5456948, 1261797
llc, 2006-02-27, 12.781503, 12.916757, 12.965062, 12.771842, 1887706
cim, 2006-02-27, 17.427888, 17.2342448, 17.5247096, 17.10837672, 852335
ast, 2006-02-27, 1.2866144, 1.2770128, 1.2866144, 1.2770128, 2417736
afi, 2006-02-27, 4.66, 4.75, 4.75, 4.66, 214698
tpm, 2006-02-27, 0.89331208, 0.9025692, 0.925712, 0.89331208, 114398
ori, 2006-02-27, 21.27753844, 21.15643161, 21.426593, 21.03532478, 1256124
sgp, 2006-02-27, 6.357158, 6.357158, 6.366604, 6.28159, 5580301
cpu, 2006-02-27, 6.74, 6.75, 6.78, 6.72, 3161135
tah, 2006-02-27, 7.14542352, 7.17765159, 7.21448367, 7.14081951, 7248268
ccl, 2006-02-27, 6.93, 6.96, 6.97, 6.92, 6073061
ctx, 2006-02-27, 17.33, 17.16, 17.39, 16.95, 1497328
sek, 2006-02-27, 4.07, 4.19, 4.19, 4.01, 1167272
osh, 2006-02-27, 3.644256, 3.60528, 3.692976, 3.60528, 11031514
reh, 2006-02-27, 2.99624375, 2.947125, 2.99624375, 2.947125, 1090765
arg, 2006-02-27, 6.908355, 6.8985, 6.91821, 6.849225, 73035
qan, 2006-02-27, 4.14, 4.09, 4.14, 4.05, 5628102
dmp, 2006-02-27, 3.72714904, 3.72714904, 3.72714904, 3.72714904, 6690
bsl, 2006-02-27, 28.19021852, 27.98653197, 28.39390507, 27.90505735, 1276902
amp, 2006-02-27, 8.46, 8.59, 8.6, 8.44, 9009929
alu, 2006-02-27, 0.28668, 0.28668, 0.28668, 0.28668, 1570
sol, 2006-02-27, 9.75, 9.7, 9.75, 9.65, 25374
awc, 2006-02-27, 5.793366, 5.80150275, 5.86659675, 5.76895575, 4088774
wor, 2006-02-27, 12.5173286, 12.53601118, 12.80690859, 12.47062215, 438583
ann, 2006-02-27, 10.83, 11.03, 11.05, 10.83, 467248
jbh, 2006-02-27, 4.662888, 4.791315, 4.811073, 4.662888, 353994
ipl, 2006-02-27, 0.799155, 0.799155, 0.8014125, 0.790125, 127685
cwy, 2006-02-27, 4.13191997, 4.22159436, 4.24228845, 4.13191997, 436877
hvn, 2006-02-27, 3.227178, 3.3031116, 3.322095, 3.227178, 2416704
stw, 2006-02-27, 48.9, 49.09, 49.19, 48.72, 18126
bpt, 2006-02-27, 1.076788125, 1.105502475, 1.1102882, 1.076788125, 1378258
bld, 2006-02-27, 7.82512305, 7.89766185, 7.95206595, 7.80698835, 2457063
tne, 2006-02-27, 0.545, 0.555, 0.57, 0.545, 712123
ilu, 2006-02-27, 6.450325, 6.49481, 6.503707, 6.388046, 1786527
ben, 2006-02-27, 13.471892, 14.321916, 14.648088, 13.39282, 254392
alq, 2006-02-27, 2.3517912, 2.3785161, 2.38564274, 2.3428829, 97695
ozl, 2006-02-27, 19.5, 19.65, 19.8, 19.45, 870743
igo, 2006-02-27, 1.9906, 2.040365, 2.040365, 1.980647, 157887
pme, 2006-02-27, 1.35, 1.55, 1.55, 1.35, 112500
cgf, 2006-02-27, 3.98, 3.96, 3.99, 3.85, 1231933
brg, 2006-02-27, 1.75, 1.775, 1.8, 1.74, 232705
fbu, 2006-02-27, 6.805585, 6.786495, 6.824675, 6.786495, 335943
mlt, 2006-02-27, 3.97, 3.99, 4, 3.97, 18375
rrl, 2006-02-27, 0.90231, 0.921306, 0.921306, 0.883314, 73868
mts, 2006-02-27, 4.53, 4.52, 4.58, 4.5, 5194708
dow, 2006-02-27, 6.8790768, 6.90641088, 6.90641088, 6.82440864, 1366907
bwp, 2006-02-27, 1.84992015, 1.854663535, 1.854663535, 1.84043338, 408624
boq, 2006-02-27, 13.92082875, 14.24171565, 14.24171565, 13.8736395, 284142
hta, 2006-02-27, 0.27, 0.27, 0.27, 0.265, 109216
flt, 2006-02-27, 11.64, 11.1, 11.64, 11.1, 207894
msb, 2006-02-27, 1.5741, 1.584, 1.6533, 1.5741, 174692
bkw, 2006-02-27, 12.96, 13, 13, 12.94, 6665
sbm, 2006-02-27, 2.61195633, 2.71438599, 2.739993405, 2.61195633, 647139
nuf, 2006-02-27, 9.862996, 10.092368, 10.17494192, 9.85382112, 327538
ire, 2006-02-27, 4.477086, 4.68192, 4.82823, 4.477086, 400232
csr, 2006-02-27, 11.09709612, 11.15314206, 11.18116503, 11.06907315, 1729509
cqr, 2006-02-27, 9.875, 9.85, 9.875, 9.775, 909236
pnv, 2006-02-27, 0.53, 0.495, 0.53, 0.495, 506200
abc, 2006-02-27, 2.51333, 2.5727, 2.59249, 2.51333, 1919725
abp, 2006-02-27, 6.579393205, 6.60231792, 6.60231792, 6.579393205, 56432
skc, 2006-02-27, 4.1295496, 4.1295496, 4.13893494, 4.10139358, 116207
hls, 2006-02-27, 7.882315, 7.8753395, 7.9311435, 7.7637315, 89589
ivc, 2006-02-27, 4.12, 4.29, 4.29, 4.08, 155281
eld, 2006-02-27, 189.9116271, 193.1579797, 193.1579797, 189.9116271, 26995
ifl, 2006-02-27, 7.73, 7.67, 7.73, 7.63, 86102
ppt, 2006-02-27, 68.01, 68.9, 68.9, 67.78, 66536
wam, 2006-02-27, 1.537972, 1.528238, 1.537972, 1.50877, 28508
sul, 2006-02-27, 2.328222, 2.375352, 2.441334, 2.328222, 75394
bkl, 2006-02-27, 14.2, 14.4, 14.4, 14.2, 3360
aiz, 2006-02-27, 1.14, 1.14, 1.14, 1.14, 30000
ape, 2006-02-27, 1.4808528, 1.4848176, 1.4848176, 1.4808528, 22700
arb, 2006-02-27, 3.15, 3.15, 3.17, 3.14, 80238
sgm, 2006-02-27, 14.98, 14.74, 14.98, 14.6, 483580
pru, 2006-02-27, 0.35508024, 0.36001191, 0.36494358, 0.35508024, 80759
lyc, 2006-02-27, 1.65, 1.65, 1.6875, 1.6125, 118193
evt, 2006-02-27, 4.20258, 4.325352, 4.325352, 4.20258, 43988
isx, 2006-02-27, 0.064169, 0.055002, 0.064169, 0.055002, 45684
cda, 2006-02-27, 0.93, 0.93, 0.93, 0.92, 24000
eml, 2006-02-27, 1.15266051, 1.088623815, 1.174006075, 1.06727825, 24595
ina, 2006-02-27, 6.5680385, 6.5400894, 6.6518858, 6.5400894, 21706
rms, 2006-02-27, 0.10726533, 0.11659275, 0.11659275, 0.10260162, 75067
rsg, 2006-02-27, 1.050342, 1.02408345, 1.054718425, 1.019707025, 436697
nhc, 2006-02-27, 1.27, 1.285, 1.29, 1.27, 193684
cuv, 2006-02-27, 3.013605, 3.06144, 3.06144, 2.96577, 31052
web, 2006-02-27, 0.94793836, 0.9758189, 0.9758189, 0.94793836, 71636
jhg, 2006-02-27, 20.4243, 19.9006, 20.4243, 19.84823, 600565
asb, 2006-02-27, 2.23, 2.18, 2.25, 2.12, 495240
mnd, 2006-02-27, 6.05, 6.21, 6.21, 6.05, 5525957
avh, 2006-02-27, 1.50028944, 1.45616328, 1.50028944, 1.45616328, 43390
obl, 2006-02-27, 0.41871, 0.423636, 0.423636, 0.41871, 7105
bki, 2006-02-27, 1.29837768, 1.31820024, 1.31820024, 1.29837768, 61006
zim, 2006-02-27, 6.5, 6.51, 6.66, 6.5, 2750
aub, 2006-02-27, 2.695056, 2.734544, 2.734544, 2.695056, 30826
ccp, 2006-02-27, 5.88, 6.1, 6.15, 5.88, 65041
ssm, 2006-02-27, 1.3778655, 1.373801, 1.3778655, 1.3534785, 73810
dui, 2006-02-27, 3.088272, 3.088272, 3.088272, 3.088272, 15761
gnc, 2006-02-27, 4.32699488, 4.300816, 4.4130112, 4.300816, 42210
lep, 2006-02-27, 2.18841, 2.23132, 2.23132, 2.18841, 57498
lic, 2006-02-27, 0.225, 0.215625, 0.225, 0.215625, 12800
tgr, 2006-02-27, 1.24, 1.24, 1.25, 1.24, 63440
gud, 2006-02-27, 7.75, 7.66, 7.8, 7.6, 82758
cqe, 2006-02-27, 1.58090075, 1.59549368, 1.59549368, 1.54685058, 50415
shv, 2006-02-27, 13.05401082, 13.0901215, 13.0901215, 12.9998448, 20140
opt, 2006-02-27, 1.084914, 1.080027, 1.094688, 1.080027, 81793
sfr, 2006-02-27, 0.16043376, 0.16043376, 0.16043376, 0.15571512, 275503
vah, 2006-02-27, 1.4126116, 1.40845686, 1.4126116, 1.38768316, 183339
jin, 2006-02-27, 0.57, 0.56, 0.57, 0.55, 292091
agg, 2006-02-27, 14.013725, 14.02345, 14.02345, 14.013725, 3692
cni, 2006-02-27, 1.93392144, 1.953456, 1.953456, 1.93392144, 129520
mgx, 2006-02-27, 0.85, 0.85, 0.85, 0.8375, 412544
gwa, 2006-02-27, 3.499248, 3.4555074, 3.51018315, 3.4336371, 371817
nea, 2006-02-27, 0.11, 0.105, 0.11, 0.105, 40322
prn, 2006-02-27, 1.52818302, 1.5186912, 1.53767484, 1.5186912, 320851
dtl, 2006-02-27, 0.378, 0.379, 0.379, 0.378, 38890
ocl, 2006-02-27, 1.6, 1.6, 1.6, 1.6, 6150
era, 2006-02-27, 5.9156727, 5.90124423, 5.98781505, 5.89162525, 420614
eos, 2006-02-27, 2.79, 2.7, 2.8, 2.7, 38606
hsn, 2006-02-27, 0.113328, 0.132216, 0.14166, 0.113328, 244028
sig, 2006-02-27, 2.572532, 2.562933, 2.582131, 2.543735, 530371
aac, 2006-02-27, 1.560732, 1.565433, 1.565433, 1.55133, 129401
bub, 2006-02-27, 0.195, 0.18, 0.195, 0.18, 35734
maq, 2006-02-27, 0.72, 0.71, 0.72, 0.71, 2400
ax1, 2006-02-27, 0.1510905, 0.155669, 0.155669, 0.1510905, 223008
coe, 2006-02-27, 0.49262286, 0.48009855, 0.5009724, 0.47174901, 662765
wsa, 2006-02-27, 2.147736, 2.147736, 2.157588, 2.108328, 102779
ifm, 2006-02-27, 0.525, 0.53, 0.53, 0.52, 113300
cin, 2006-02-27, 17.25, 17.2, 17.25, 17.2, 1054
iri, 2006-02-27, 0.51, 0.51, 0.51, 0.51, 34937
djw, 2006-02-27, 4.170738, 4.161016, 4.18046, 4.141572, 26075
mms, 2006-02-27, 2.85, 2.95, 2.95, 2.85, 50000
sfy, 2006-02-27, 47.3, 47.9, 47.9, 47.3, 3176
api, 2006-02-27, 2.40828, 2.45098, 2.45098, 2.39974, 173002
ifn, 2006-02-27, 1.675116, 1.645728, 1.675116, 1.635932, 1104370
red, 2006-02-27, 1.05, 1, 1.05, 1, 41560
mah, 2006-02-27, 0.696024, 0.67669, 0.696024, 0.6718565, 475467
eqt, 2006-02-27, 11.6233, 11.6233, 11.6233, 11.6233, 3355
alk, 2006-02-27, 0.23501232, 0.23501232, 0.23501232, 0.23501232, 56167
slf, 2006-02-27, 18.7, 18.7, 18.7, 18.55, 57445
nck, 2006-02-27, 1.62, 1.62, 1.62, 1.62, 15000
deg, 2006-02-27, 26.79308307, 26.005051215, 26.79308307, 26.005051215, 634
ccx, 2006-02-27, 1.7625, 1.69375, 1.8125, 1.375, 1201982
bgl, 2006-02-27, 2.50973171, 2.346053555, 2.50973171, 2.346053555, 1329
imd, 2006-02-27, 0.465, 0.47, 0.47, 0.455, 606607
pmc, 2006-02-27, 2.1027387, 2.11251888, 2.11251888, 2.07339816, 77293
fgx, 2006-02-27, 449.8934, 451.858, 453.8226, 449.8934, 4495
spl, 2006-02-27, 0.495, 0.48, 0.495, 0.48, 101827
vrl, 2006-02-27, 2.10715668, 2.09822805, 2.11608531, 2.09822805, 40902
cwp, 2006-02-27, 3.35, 3.27, 3.35, 3.27, 7310
mir, 2006-02-27, 1.6728255, 1.667802, 1.6728255, 1.667802, 75256
clv, 2006-02-27, 0.14, 0.14, 0.14, 0.14, 21000
ppc, 2006-02-27, 2.625742, 2.68324, 2.68324, 2.625742, 43410
leg, 2006-02-27, 0.02300928, 0.02252992, 0.02300928, 0.02252992, 4391272
cvn, 2006-02-27, 0.04987, 0.04987, 0.0518648, 0.04987, 1688337
rmc, 2006-02-27, 0.4, 0.4, 0.4, 0.4, 12000
uos, 2006-02-27, 0.12, 0.1285, 0.1285, 0.12, 35000
ht1, 2006-02-27, 23.91812514, 23.8178395, 23.91812514, 23.5671254, 129318
pet, 2006-02-27, 0.154225, 0.154225, 0.154225, 0.154225, 109704
rhp, 2006-02-27, 106.2182016, 99.93648, 106.2182016, 99.93648, 2459
kar, 2006-02-27, 1.462005, 1.45281, 1.462005, 1.406835, 184740
ppk, 2006-02-27, 0.79, 0.78, 0.795, 0.775, 22400
sxy, 2006-02-27, 0.282080718, 0.282080718, 0.291180096, 0.27298134, 712769
zno, 2006-02-27, 18, 18, 18, 18, 72
mcp, 2006-02-27, 1.794287075, 1.79920293, 1.80903464, 1.78937122, 158431
stx, 2006-02-27, 0.328458375, 0.345976155, 0.372252825, 0.328458375, 7538367
sst, 2006-02-27, 5.2, 5.2, 5.2, 5.2, 855
grr, 2006-02-27, 0.921222, 0.891018, 0.943875, 0.891018, 296206
pia, 2006-02-27, 1.0402975, 1.03532, 1.0402975, 1.0303425, 100342
twr, 2006-02-27, 1.798408, 1.798408, 1.812757, 1.779276, 1490824
omh, 2006-02-27, 0.525448, 0.5489055, 0.5489055, 0.525448, 507428
wax, 2006-02-27, 0.905, 0.91, 0.91, 0.9, 436075
amh, 2006-02-27, 0.58, 0.58, 0.58, 0.58, 10000
pac, 2006-02-27, 13.55, 13.01, 13.6, 13.01, 12148
tgg, 2006-02-27, 1.3665855, 1.3665855, 1.37569607, 1.352919645, 137471
ric, 2006-02-27, 1.345, 1.35, 1.36, 1.34, 670657
mcr, 2006-02-27, 0.69, 0.685, 0.695, 0.68, 875347
pdn, 2006-02-27, 2.979351, 3.04198, 3.04198, 2.943563, 1920504
pyc, 2006-02-27, 0.2231666, 0.2154712, 0.2231666, 0.2154712, 98760
cdp, 2006-02-27, 3.73, 3.73, 3.73, 3.73, 280
wpp, 2006-02-27, 2.709903, 2.745915, 2.745915, 2.7009, 168214
tgp, 2006-02-27, 1.78323495, 1.80507048, 1.80507048, 1.78323495, 5553
aba, 2006-02-27, 9.40086, 8.85372, 9.40086, 8.85372, 1005
ksc, 2006-02-27, 3.1164, 3.2046, 3.2046, 3.1164, 16327
trs, 2006-02-27, 4.730718, 4.66272, 4.730718, 4.61415, 97513
lyl, 2006-02-27, 2.75, 2.75, 2.75, 2.75, 50000
hlo, 2006-02-27, 5.711796, 5.991786, 5.991786, 5.711796, 14376
pnr, 2006-02-27, 0.24920752, 0.23363205, 0.26478299, 0.23363205, 219352
alf, 2006-02-27, 0.84890325, 0.84890325, 0.84890325, 0.84890325, 5743
aei, 2006-02-27, 0.7, 0.66, 0.7, 0.66, 90698
cvw, 2006-02-27, 0.75152064, 0.75543481, 0.75543481, 0.74760647, 591738
neu, 2006-02-27, 10.40537506, 10.153632115, 10.90886095, 10.153632115, 19350
apd, 2006-02-27, 1.925625, 1.87625, 1.925625, 1.87625, 25316
clh, 2006-02-27, 0.92, 0.9, 0.93, 0.9, 484714
sdg, 2006-02-27, 1.885, 1.94, 1.94, 1.855, 650546
ima, 2006-02-27, 0.45949827, 0.4504885, 0.464003155, 0.4504885, 164266
avj, 2006-02-27, 1.20271504, 1.19285672, 1.21257336, 1.19285672, 120115
agi, 2006-02-27, 0.4906935, 0.485737, 0.4906935, 0.475824, 132296
mml, 2006-02-27, 0.4772775, 0.500005, 0.500005, 0.4681865, 241181
ezl, 2006-02-27, 0.895, 0.895, 0.895, 0.895, 3820
vtg, 2006-02-27, 1.11, 1.15, 1.15, 1.11, 84466
sfc, 2006-02-27, 5.39, 5.37, 5.39, 5.34, 18941
snl, 2006-02-27, 0.326032, 0.326032, 0.326032, 0.326032, 53354
far, 2006-02-27, 0.129493, 0.1344735, 0.1344735, 0.1245125, 2041990
fwd, 2006-02-27, 6.672224, 6.681922, 6.778902, 6.623734, 180319
slm, 2006-02-27, 3.612656, 3.887532, 3.897349, 3.612656, 225484
cvc, 2006-02-27, 1.495, 1.45, 1.495, 1.45, 20000
ppg, 2006-02-27, 0.3954585, 0.3863675, 0.3954585, 0.3863675, 26400
imu, 2006-02-27, 0.16301076, 0.15807104, 0.16301076, 0.15807104, 174099
rap, 2006-02-27, 0.111803, 0.09722, 0.111803, 0.09722, 113145
swm, 2006-02-27, 7.19989365, 7.17272424, 7.29951482, 7.13649836, 404042
ont, 2006-02-27, 1.5, 1.5, 1.5, 1.5, 6500
ewc, 2006-02-27, 0.028, 0.028, 0.028, 0.028, 47400
cdd, 2006-02-27, 1.04457238, 1.06189941, 1.0643747, 1.04457238, 138246
ajm, 2006-02-27, 0.1804737, 0.16734834, 0.1804737, 0.16734834, 54856
rex, 2006-02-27, 1.15, 1.15, 1.15, 1.15, 2560
dnk, 2006-02-27, 0.08162784, 0.08162784, 0.08162784, 0.078906912, 441026
obm, 2006-02-27, 8.4389289, 8.4389289, 8.4389289, 8.016982455, 10700
bsa, 2006-02-27, 0.2297365, 0.2297365, 0.2297365, 0.2297365, 54622
sfg, 2006-02-27, 0.22725125, 0.20907115, 0.22725125, 0.20907115, 71507
jrv, 2006-02-27, 0.792051744, 0.792051744, 0.792051744, 0.74254851, 37245
avg, 2006-02-27, 2.97849, 2.97849, 2.99815, 2.949, 293132
ccv, 2006-02-27, 0.28739, 0.292345, 0.292345, 0.28739, 257473
m7t, 2006-02-27, 89.2510199, 89.2510199, 89.2510199, 89.2510199, 11
egg, 2006-02-27, 69.60413808, 68.95965532, 69.60413808, 68.95965532, 1295
wja, 2006-02-27, 0.96919292, 1.02565076, 1.0350604, 0.96919292, 84488
pcg, 2006-02-27, 7.5, 7.5, 7.5, 7.5, 5356
apz, 2006-02-27, 9.19069196, 9.15174835, 9.26857918, 8.99597391, 69108
boc, 2006-02-27, 0.65, 0.65, 0.65, 0.65, 721
sdv, 2006-02-27, 4.890757212, 4.98132679, 4.98132679, 4.890757212, 4464
sky, 2006-02-27, 0.2465, 0.24225, 0.2465, 0.23375, 758934
agd, 2006-02-27, 0.2619834, 0.2619834, 0.2619834, 0.2619834, 2672
gll, 2006-02-27, 0.55533216, 0.546076624, 0.55533216, 0.536821088, 472690
rct, 2006-02-27, 3.05, 3.05, 3.05, 3.05, 13000
van, 2006-02-27, 2.83184745, 3.20942711, 3.20942711, 2.737452535, 5765
mrc, 2006-02-27, 0.269325, 0.269325, 0.269325, 0.25935, 74185
ans, 2006-02-27, 0.014, 0.014, 0.014, 0.014, 1803125
cmp, 2006-02-27, 0.105, 0.1, 0.105, 0.1, 8960
pan, 2006-02-27, 0.8209818, 0.80729877, 0.83010382, 0.80729877, 793200
sdi, 2006-02-27, 0.75, 0.745, 0.75, 0.745, 32369
pll, 2006-02-27, 0.0618862, 0.066904, 0.0702492, 0.0618862, 2612699
kcn, 2006-02-27, 5.130202, 5.111166, 5.177792, 5.04454, 52194
fms, 2006-02-27, 0.0135402, 0.01263752, 0.0135402, 0.01263752, 1310985
top, 2006-02-27, 4.901218875, 5.264272125, 5.264272125, 4.71969225, 19996
nmt, 2006-02-27, 0.2407455, 0.2407455, 0.2407455, 0.2407455, 21184
mlx, 2006-02-27, 0.84227085, 0.82355372, 0.84227085, 0.80483659, 238268
pos, 2006-02-27, 0.31912, 0.311142, 0.31912, 0.311142, 82070
cam, 2006-02-27, 0.68007365, 0.676494315, 0.68007365, 0.676494315, 41488
aru, 2006-02-27, 0.264201235, 0.26058204, 0.26782043, 0.25334365, 312785
a2b, 2006-02-27, 6.64, 6.66, 6.66, 6.5, 490321
moc, 2006-02-27, 2.16, 2.14, 2.17, 2.13, 108803
tzn, 2006-02-27, 0.63741375, 0.6459126, 0.6969057, 0.63741375, 1213952
bky, 2006-02-27, 0.44578607, 0.46475569, 0.48372531, 0.43630126, 651625
wat, 2006-02-27, 3.209374, 3.209374, 3.209374, 3.209374, 401
qpr, 2006-02-27, 1819.2312369, 1819.2312369, 1819.2312369, 1819.2312369, 9
adn, 2006-02-27, 0.33522672, 0.331734775, 0.33522672, 0.331734775, 36513
gow, 2006-02-27, 2.58490062, 2.58490062, 2.58490062, 2.58490062, 1018
ang, 2006-02-27, 0.2251851, 0.2251851, 0.2251851, 0.21767893, 39607
ara, 2006-02-27, 0.58, 0.55, 0.58, 0.55, 57999
moz, 2006-02-27, 3.832536, 3.832536, 3.832536, 3.822784, 9721
nsc, 2006-02-27, 1.06280422, 1.06280422, 1.06280422, 1.06280422, 90491
iod, 2006-02-27, 1.102267682, 1.102267682, 1.102267682, 1.102267682, 11250
hzn, 2006-02-27, 0.150476325, 0.14562225, 0.150476325, 0.14562225, 173823
imm, 2006-02-27, 0.676860576, 0.660744848, 0.676860576, 0.660744848, 19484
twd, 2006-02-27, 1.4148216, 1.4518104, 1.4518104, 1.4148216, 25954
mrm, 2006-02-27, 0.368373505, 0.36393527, 0.368373505, 0.36393527, 56329
aut, 2006-02-27, 0.163113405, 0.1672958, 0.1672958, 0.163113405, 44472
rht, 2006-02-27, 0.079975805, 0.079975805, 0.08085466, 0.079975805, 103950
osl, 2006-02-27, 0.171714465, 0.171714465, 0.171714465, 0.171714465, 5678
aar, 2006-02-27, 0.29, 0.28, 0.3, 0.28, 174830
aop, 2006-02-27, 9.94520115, 9.72419668, 9.94520115, 9.72419668, 3620
wec, 2006-02-27, 0.56311075, 0.56311075, 0.56311075, 0.56311075, 10163
cog, 2006-02-27, 0.73345373, 0.73345373, 0.73345373, 0.73345373, 111081
rkn, 2006-02-27, 0.737412, 0.718504, 0.737412, 0.718504, 29353
coi, 2006-02-27, 0.19540361, 0.19085934, 0.19994788, 0.19085934, 360894
rdf, 2006-02-27, 2.73652331, 2.7085043, 2.75520265, 2.7085043, 190508
ctm, 2006-02-27, 4.828526872, 4.828526872, 4.828526872, 4.828526872, 2674
bit, 2006-02-27, 0.30439305, 0.27317325, 0.30439305, 0.269270775, 1239575
oec, 2006-02-27, 1, 1, 1, 1, 27287
css, 2006-02-27, 7.53771336, 7.53771336, 7.53771336, 7.53771336, 4682
fgr, 2006-02-27, 9.90467418, 9.67433292, 9.90467418, 9.67433292, 1374
pgc, 2006-02-27, 1.42247586, 1.42247586, 1.42247586, 1.42247586, 4798
slx, 2006-02-27, 3.34, 3.3, 3.4, 3.26, 266606
cai, 2006-02-27, 122.000956212, 112.432253764, 122.000956212, 112.432253764, 165
clf, 2006-02-27, 1.48, 1.48, 1.48, 1.48, 1942
tdl, 2006-02-27, 2.73193126, 2.75906965, 2.76811578, 2.73193126, 55873
jan, 2006-02-27, 178.38377564, 178.38377564, 178.38377564, 178.38377564, 34
wfe, 2006-02-27, 0.08584796, 0.0883729, 0.0883729, 0.08584796, 11089
tek, 2006-02-27, 8866.51128846, 8978.03973234, 8978.03973234, 8866.51128846, 6
dyl, 2006-02-27, 1.547291988, 1.547291988, 1.64106726, 1.547291988, 427184
eeg, 2006-02-27, 0.912829032, 0.912829032, 1.01425448, 0.912829032, 6622
ajl, 2006-02-27, 0.53611116, 0.56704065, 0.57391387, 0.53611116, 771250
cue, 2006-02-27, 0.209147055, 0.20428317, 0.209147055, 0.20428317, 1446177
sta, 2006-02-27, 3.581862545, 3.63532318, 3.63532318, 3.581862545, 14044
ac8, 2006-02-27, 3.96018, 3.39444, 3.96018, 3.20586, 11462
try, 2006-02-27, 2.58257595, 2.56445261, 2.59163762, 2.56445261, 17911
tam, 2006-02-27, 1.52478287, 1.484657005, 1.52478287, 1.44453114, 86987
apw, 2006-02-27, 5.776348455, 5.776348455, 5.776348455, 5.74844339, 30788
caa, 2006-02-27, 8.04071933, 8.37856468, 8.37856468, 8.04071933, 20374
qhl, 2006-02-27, 0.1867058, 0.1867058, 0.1867058, 0.1867058, 21424
sdl, 2006-02-27, 0.057, 0.054, 0.057, 0.053, 4323368
lck, 2006-02-27, 0.54044413, 0.54044413, 0.5496042, 0.54044413, 146069
lrk, 2006-02-27, 75.537173535, 77.14434744, 80.35869525, 75.537173535, 5301
lko, 2006-02-27, 0.01881718, 0.017876321, 0.01881718, 0.017876321, 3568158
ibc, 2006-02-27, 0.55902913, 0.554291595, 0.55902913, 0.554291595, 17203
nva, 2006-02-27, 0.20475, 0.195, 0.20475, 0.195, 23542
ptl, 2006-02-27, 12.96558448, 13.6921043, 13.6921043, 12.96558448, 6371
dcg, 2006-02-27, 0.662965, 0.662965, 0.662965, 0.662965, 131379
glb, 2006-02-27, 2.81542, 2.77001, 2.81542, 2.7246, 21581
dxb, 2006-02-27, 13.51545849, 14.10308712, 14.10308712, 12.92782986, 595
sen, 2006-02-27, 0.3966865, 0.380019, 0.40002, 0.3766855, 3062046
kgl, 2006-02-27, 2.13519132, 2.13519132, 2.13519132, 2.13519132, 9863
fml, 2006-02-27, 2.45, 2.45, 2.5, 2.45, 25987
hil, 2006-02-27, 4.93, 5.06, 5.06, 4.9, 218451
orn, 2006-02-27, 15.83064, 16.20756, 16.77294, 15.83064, 12086
haw, 2006-02-27, 0.96, 0.96, 0.96, 0.96, 203750
smn, 2006-02-27, 1.14996, 1.14996, 1.14996, 1.14996, 1044
moy, 2006-02-27, 4.626179005, 4.890532091, 5.022708634, 4.626179005, 24060
hct, 2006-02-27, 0.652780745, 0.652780745, 0.652780745, 0.652780745, 14448
zld, 2006-02-27, 12.773789, 12.773789, 12.773789, 12.31758225, 4186
bbx, 2006-02-27, 0.5, 0.54, 0.54, 0.5, 22500
bis, 2006-02-27, 28.25, 28.25, 28.5, 28.25, 5455
kme, 2006-02-27, 1.01866, 1.01866, 1.01866, 1.01866, 41623
byi, 2006-02-27, 0.68, 0.65, 0.68, 0.65, 23277
88e, 2006-02-27, 0.162269424, 0.166776908, 0.171284392, 0.162269424, 86114
hrz, 2006-02-27, 0.07474901, 0.07474901, 0.07474901, 0.07474901, 10392
nam, 2006-02-27, 0.65, 0.65, 0.65, 0.65, 325936
mns, 2006-02-27, 0.210195, 0.210195, 0.224208, 0.210195, 40064
kov, 2006-02-27, 4.2, 4.3, 4.3, 4.2, 32986
fbr, 2006-02-27, 1.6848, 1.6848, 1.6848, 1.6848, 347
clx, 2006-02-27, 0.20049645, 0.20049645, 0.20049645, 0.20049645, 2561
rft, 2006-02-27, 0.014, 0.013, 0.014, 0.013, 59823
bmn, 2006-02-27, 0.099, 0.099, 0.099, 0.099, 148485
dgr, 2006-02-27, 0.072186505, 0.072186505, 0.072186505, 0.072186505, 71475
pen, 2006-02-27, 1.010328336, 1.12258704, 1.197426176, 1.010328336, 1869125
gap, 2006-02-27, 1.349946, 1.374945, 1.374945, 1.349946, 134139
bol, 2006-02-27, 3.407456, 3.415647, 3.472984, 3.407456, 635891
smc, 2006-02-27, 1.94866093, 1.94866093, 1.94866093, 1.94866093, 9445
bbl, 2006-02-27, 0.2, 0.2, 0.2, 0.2, 5000
rxl, 2006-02-27, 0.09982269, 0.104360085, 0.104360085, 0.09982269, 180053
kza, 2006-02-27, 42.36902945, 42.17774715, 42.36902945, 42.17774715, 11117
mpo, 2006-02-27, 0.2773905, 0.2676575, 0.2773905, 0.2676575, 98538
ivq, 2006-02-27, 10.14, 10.14, 10.14, 10.14, 105
ads, 2006-02-27, 0.38290776, 0.339830637, 0.38290776, 0.330257943, 5431683
ige, 2006-02-27, 5.29681572, 4.91847174, 5.29681572, 4.91847174, 2921
idt, 2006-02-27, 1.487261, 1.3783215, 1.487261, 1.3783215, 126236
tap, 2006-02-27, 1.8759286, 1.86797975, 1.8759286, 1.8441332, 1320946
pxs, 2006-02-27, 2.008509, 2.046585, 2.046585, 1.951395, 209937
auz, 2006-02-27, 0.067731752, 0.070810468, 0.070810468, 0.067731752, 305536
xte, 2006-02-27, 4.46448096, 4.46448096, 4.46448096, 4.46448096, 3118
dna, 2006-02-27, 8.2425591, 8.2425591, 8.2425591, 8.2425591, 710
sih, 2006-02-27, 0.12052275, 0.116505325, 0.12052275, 0.116505325, 379596
oel, 2006-02-27, 0.13612436, 0.13612436, 0.13612436, 0.13612436, 20937
ada, 2006-02-27, 0.405, 0.405, 0.405, 0.405, 7685
ct1, 2006-02-27, 25.9839526, 24.4554848, 25.9839526, 24.4554848, 3085
gtg, 2006-02-27, 0.3406545, 0.335988, 0.3499875, 0.326655, 507578
eqx, 2006-02-27, 1.375, 1.375, 1.375, 1.375, 100
onx, 2006-02-27, 2.541168645, 2.41195668, 2.541168645, 2.41195668, 47107
dse, 2006-02-27, 62.223999838, 57.779428421, 62.223999838, 57.779428421, 90
pve, 2006-02-27, 0.562254, 0.565905, 0.591462, 0.562254, 200931
ksn, 2006-02-27, 11.60172, 11.60172, 11.60172, 11.60172, 96
ajx, 2006-02-27, 1.566015, 1.566015, 1.566015, 1.566015, 11590
mxi, 2006-02-27, 0.785, 0.785, 0.8, 0.77, 246109
eas, 2006-02-27, 8.42335045, 9.1337535, 9.1337535, 8.42335045, 4002
paa, 2006-02-27, 2.8782411, 2.79600564, 2.8782411, 2.79600564, 36481
eme, 2006-02-27, 0.45475796, 0.45148632, 0.4580296, 0.45148632, 212447
obj, 2006-02-27, 0.077276532, 0.083494184, 0.083494184, 0.076388296, 10743753
bkt, 2006-02-27, 2.16967392, 2.16967392, 2.16967392, 2.16967392, 1667
lon, 2006-02-27, 217.687875, 216.458, 217.687875, 216.458, 46
ngy, 2006-02-27, 0.837298935, 0.837298935, 0.837298935, 0.837298935, 5374
moq, 2006-02-27, 0.4376244, 0.5105618, 0.5105618, 0.4376244, 2742
bno, 2006-02-27, 0.213753, 0.213753, 0.213753, 0.213753, 50493
tia, 2006-02-27, 127.8881298, 127.17764019, 127.8881298, 127.17764019, 246
prx, 2006-02-27, 0.4039875, 0.4339125, 0.4339125, 0.4039875, 252432
hav, 2006-02-27, 0.72239154, 0.717760825, 0.72239154, 0.699237965, 52451
kat, 2006-02-27, 0.914756, 0.914756, 0.914756, 0.914756, 7694
lng, 2006-02-27, 0.39, 0.4, 0.4, 0.39, 49400
nsx, 2006-02-27, 0.7696899, 0.75258568, 0.7696899, 0.72692935, 79045
gev, 2006-02-27, 14.780804985, 14.780804985, 14.780804985, 14.780804985, 8
pdz, 2006-02-27, 0.58, 0.59, 0.62, 0.58, 86918
anp, 2006-02-27, 0.2760138, 0.2760138, 0.2760138, 0.2760138, 6666
siv, 2006-02-27, 1.4432688, 1.47935052, 1.47935052, 1.4432688, 8985
cdy, 2006-02-27, 6.23007, 6.62563, 6.9223, 5.9334, 20642
acr, 2006-02-27, 0.7, 0.68, 0.7, 0.68, 32259
atr, 2006-02-27, 3.84, 3.75, 3.84, 3.75, 40090
vml, 2006-02-27, 0.1412794, 0.1412794, 0.1412794, 0.1412794, 65827
ime, 2006-02-27, 8582.256, 8742.672, 8822.88, 8582.256, 111
kpo, 2006-02-27, 0.0203998, 0.019583808, 0.0203998, 0.019583808, 294121
mcm, 2006-02-27, 5, 5, 5.1, 5, 8000
td1, 2006-02-27, 3.65259901, 3.65259901, 3.65259901, 3.463671475, 11241
coo, 2006-02-27, 0.13, 0.13, 0.13, 0.13, 153110
vmx, 2006-02-27, 7.2, 7.2, 7.2, 7.2, 1375
oil, 2006-02-27, 0.37, 0.38, 0.385, 0.37, 94000
eve, 2006-02-27, 0.04315266, 0.04315266, 0.04315266, 0.04315266, 250274
mei, 2006-02-27, 0.28959, 0.28959, 0.28959, 0.28959, 71998
hgo, 2006-02-27, 1.40688, 1.44596, 1.44596, 1.40688, 32493
ags, 2006-02-27, 1.60923659, 1.48266742, 1.60923659, 1.46458611, 279119
gml, 2006-02-27, 0.16, 0.155, 0.16, 0.155, 125308
tas, 2006-02-27, 0.088441325, 0.0922866, 0.0922866, 0.088441325, 41610
hrr, 2006-02-27, 3.70497036, 3.780582, 3.780582, 3.70497036, 13328
gme, 2006-02-27, 0.15037503, 0.154797825, 0.154797825, 0.15037503, 101746
btc, 2006-02-27, 0.4, 0.4, 0.4, 0.4, 60500
ics, 2006-02-27, 5.1761361, 5.089867165, 5.1761361, 5.089867165, 2295
vpr, 2006-02-27, 0.3097822, 0.3097822, 0.3097822, 0.3097822, 54781
tso, 2006-02-27, 3.30308269, 3.31789472, 3.31789472, 3.30308269, 13411
vrc, 2006-02-27, 4.7188862, 4.7188862, 4.7188862, 4.7188862, 883
cdx, 2006-02-27, 0.374166, 0.36504, 0.374166, 0.355914, 293089
sya, 2006-02-27, 0.67121395, 0.67121395, 0.67121395, 0.67121395, 746
egy, 2006-02-27, 3.5, 3.5, 3.5, 3.5, 1500
mgl, 2006-02-27, 0.26538, 0.256534, 0.269803, 0.252111, 67291
ptx, 2006-02-27, 27.93381471, 26.89922898, 27.93381471, 26.89922898, 50
axi, 2006-02-27, 0.0906015, 0.0906015, 0.0906015, 0.0906015, 1149036
vor, 2006-02-27, 1.04, 0.92, 1.04, 0.86, 35440
drx, 2006-02-27, 0.25078911, 0.25838878, 0.25838878, 0.25078911, 361647
pio, 2006-02-27, 0.18, 0.18, 0.18, 0.18, 113000
dev, 2006-02-27, 0.161653905, 0.1539561, 0.161653905, 0.1539561, 400610
kai, 2006-02-27, 2.89031888, 2.89031888, 3.25160874, 2.52902902, 163967
mep, 2006-02-27, 0.63, 0.65, 0.67, 0.63, 128850
ath, 2006-02-27, 0.21, 0.2, 0.21, 0.2, 142700
a1m, 2006-02-27, 16.8, 16.56, 16.8, 16.32, 1750
gwr, 2006-02-27, 0.43399268, 0.41426574, 0.43399268, 0.41426574, 15715
fzr, 2006-02-27, 0.507654, 0.5029535, 0.5217555, 0.488852, 2907668
frm, 2006-02-27, 0.41, 0.4, 0.41, 0.4, 40000
lny, 2006-02-27, 74.4, 69.6, 74.4, 69.6, 952
caf, 2006-02-27, 5.014275, 5.014275, 5.014275, 5.014275, 3665
bpp, 2006-02-27, 0.09077352, 0.085100175, 0.09077352, 0.085100175, 175646
nwe, 2006-02-27, 0.108555148, 0.108555148, 0.108555148, 0.106245464, 503103
bug, 2006-02-27, 1.547168, 1.51954, 1.547168, 1.51954, 10683
ody, 2006-02-27, 1.51710811, 1.67191506, 1.73383784, 1.51710811, 107332
fsg, 2006-02-27, 22.3121889, 21.6889434, 22.3121889, 21.5642943, 12452
tlm, 2006-02-27, 0.2, 0.205, 0.205, 0.2, 20000
msm, 2006-02-27, 597.074631868, 620.039040786, 643.003449704, 597.074631868, 52
exr, 2006-02-27, 14.45589696, 15.058226, 15.058226, 13.5524034, 68139
hmx, 2006-02-27, 6.5965484, 6.5965484, 6.5965484, 6.5965484, 1364
ovt, 2006-02-27, 1.59, 1.645, 1.65, 1.59, 732137
rpm, 2006-02-27, 1.761943456, 1.761943456, 1.793406732, 1.761943456, 13026
hng, 2006-02-27, 1.8088912, 1.7945728, 1.8088912, 1.7850272, 9878
ixr, 2006-02-27, 0.095275775, 0.0994182, 0.0994182, 0.095275775, 50245
azs, 2006-02-27, 2.175198435, 2.26977228, 2.26977228, 2.175198435, 12603
mwr, 2006-02-27, 0.164892, 0.164892, 0.164892, 0.164892, 33962
dvn, 2006-02-27, 2.37118052, 2.37118052, 2.38720201, 2.37118052, 28133
knm, 2006-02-27, 2.76, 2.79, 2.79, 2.73, 44561
cto, 2006-02-27, 0.155, 0.16, 0.16, 0.155, 732425
jrl, 2006-02-27, 0.4659275, 0.470832, 0.4855455, 0.4659275, 42512
bar, 2006-02-27, 0.175, 0.16, 0.19, 0.16, 4192048
hnr, 2006-02-27, 0.12783924, 0.12783924, 0.12783924, 0.12783924, 23467
cga, 2006-02-27, 67.614318, 64.90974528, 67.614318, 64.90974528, 328
may, 2006-02-27, 0.2019168, 0.2337984, 0.2337984, 0.1966032, 868101
rnt, 2006-02-27, 3.95845255, 3.95845255, 3.95845255, 3.95845255, 99
ave, 2006-02-27, 0.23436, 0.2490075, 0.2490075, 0.23436, 345077
jcs, 2006-02-27, 0.087684993, 0.087684993, 0.087684993, 0.087684993, 39770
cce, 2006-02-27, 0.04, 0.041, 0.041, 0.04, 200000
frn, 2006-02-27, 78.2, 78.2, 78.2, 78.2, 12
tpp, 2006-02-27, 1.45245, 1.45245, 1.45245, 1.45245, 31
gul, 2006-02-27, 0.032, 0.033, 0.035, 0.032, 1350204
fyi, 2006-02-27, 2.25069744, 2.25069744, 2.25069744, 2.25069744, 1749
teg, 2006-02-27, 3.96260184, 3.63238502, 3.96260184, 3.63238502, 10140
kis, 2006-02-27, 1.14415872, 1.1620362, 1.1620362, 1.14415872, 6712
rim, 2006-02-27, 0.047472412, 0.040168964, 0.048385343, 0.040168964, 3113748
alt, 2006-02-27, 0.028203384, 0.02991268, 0.02991268, 0.027348736, 473067
arq, 2006-02-27, 1.555476, 1.575418, 1.59536, 1.555476, 55197
vmg, 2006-02-27, 0.601902, 0.637308, 0.637308, 0.6001317, 346955
adx, 2006-02-27, 0.11844, 0.11844, 0.11844, 0.113505, 446272
afl, 2006-02-27, 73.81177836, 69.92694792, 73.81177836, 69.92694792, 296
eqe, 2006-02-27, 0.770487, 0.750981, 0.770487, 0.711969, 76849
ucw, 2006-02-27, 188.09049495, 190.03961925, 190.03961925, 188.09049495, 1079
blv, 2006-02-27, 4.434448535, 4.03131685, 4.434448535, 3.994668515, 13393
cxu, 2006-02-27, 0.31, 0.305, 0.31, 0.305, 20000
caz, 2006-02-27, 1.38731446, 1.60273596, 1.60273596, 1.38731446, 1725831
mrv, 2006-02-27, 0.03077943, 0.0279813, 0.03077943, 0.0279813, 1466578
sw1, 2006-02-27, 19.2507, 20.1674, 20.1674, 19.2507, 545
aft, 2006-02-27, 0.014124231, 0.013510134, 0.014124231, 0.012896037, 1892616
mel, 2006-02-27, 0.248375, 0.248375, 0.248375, 0.248375, 10065
pft, 2006-02-27, 12.81822355, 12.441216975, 12.81822355, 12.0642104, 529
ect, 2006-02-27, 0.6, 0.6225, 0.6225, 0.5925, 265201
awn, 2006-02-27, 4.4, 4.4, 4.4, 4.4, 1234
mey, 2006-02-27, 11.90353875, 11.4273972, 11.90353875, 11.4273972, 2186
hwk, 2006-02-27, 15, 15, 15, 10, 2862
bsm, 2006-02-27, 0.103131525, 0.10607814, 0.10607814, 0.103131525, 46664
psa, 2006-02-27, 1.89455619, 1.93013471, 1.93013471, 1.87676693, 116489
bxn, 2006-02-27, 0.966, 0.98, 0.98, 0.966, 29532
aqd, 2006-02-27, 0.44, 0.435, 0.45, 0.435, 138270
dw8, 2006-02-27, 0.24825, 0.24825, 0.24825, 0.24825, 4834
cl8, 2006-02-27, 0.166855, 0.147225, 0.166855, 0.147225, 28630
tcn, 2006-02-27, 0.039029838, 0.039029838, 0.039029838, 0.039029838, 5842
cm8, 2006-02-27, 63.63733705, 63.63733705, 63.63733705, 63.63733705, 8
hyd, 2006-02-27, 15.475, 16.094, 16.094, 15.475, 1163
clt, 2006-02-27, 0.41987435, 0.417836125, 0.41987435, 0.417836125, 1058257
are, 2006-02-27, 0.09630093, 0.09630093, 0.09630093, 0.09630093, 60539
srk, 2006-02-27, 0.205, 0.205, 0.205, 0.205, 13333
lmg, 2006-02-27, 0.012, 0.012, 0.012, 0.012, 800000
evz, 2006-02-27, 1.31782, 1.31782, 1.31782, 1.31782, 21247
cym, 2006-02-27, 205853.46027552, 209020.43658745, 209020.43658745, 202686.48396358, 0
ook, 2006-02-27, 0.11964, 0.11964, 0.11964, 0.11964, 67259
lct, 2006-02-27, 0.26, 0.25, 0.26, 0.25, 60000
gmr, 2006-02-27, 0.676827348, 0.676827348, 0.676827348, 0.676827348, 3903
sri, 2006-02-27, 0.744, 0.732, 0.744, 0.732, 13333
czn, 2006-02-27, 0.36, 0.385, 0.385, 0.36, 42885
krs, 2006-02-27, 0.22, 0.225, 0.24, 0.22, 332328
rhi, 2006-02-27, 0.39484368, 0.39484368, 0.40894524, 0.39484368, 179705
icn, 2006-02-27, 0.064, 0.061, 0.064, 0.061, 376000
adv, 2006-02-27, 4.6, 4.6, 4.6, 4.6, 5000
kgm, 2006-02-27, 0.38502891, 0.39725205, 0.39725205, 0.38502891, 911717
tnr, 2006-02-27, 7.717818108, 8.820363552, 8.820363552, 7.166545386, 33005
aqc, 2006-02-27, 22.581018, 22.581018, 22.581018, 22.581018, 133
meb, 2006-02-27, 1.23840466, 1.23840466, 1.23840466, 1.23840466, 35122
ady, 2006-02-27, 0.464919448, 0.464919448, 0.4744076, 0.460175372, 103287
pel, 2006-02-27, 0.04394928, 0.04394928, 0.04394928, 0.04394928, 66802
oex, 2006-02-27, 0.412335, 0.4260795, 0.4260795, 0.412335, 226122
cla, 2006-02-27, 480, 530, 530, 470, 1074
buy, 2006-02-27, 0.046733274, 0.046733274, 0.048464136, 0.045867843, 639104
ht8, 2006-02-27, 826.39921875, 826.39921875, 826.39921875, 826.39921875, 5
em1, 2006-02-27, 3.74126588, 4.08138096, 4.08138096, 3.74126588, 1323
aur, 2006-02-27, 1.323374874, 1.285016182, 1.323374874, 1.265836836, 4716
ler, 2006-02-27, 0.50625701, 0.50625701, 0.50625701, 0.50625701, 2074
tti, 2006-02-27, 0.238434, 0.223836, 0.238434, 0.223836, 247880
bdi, 2006-02-27, 0.68, 0.68, 0.68, 0.67, 57100
man, 2006-02-27, 0.255, 0.255, 0.255, 0.255, 16000
egl, 2006-02-27, 0.238403025, 0.238403025, 0.238403025, 0.238403025, 5285
ptr, 2006-02-27, 3.91750379, 3.7911327, 3.91750379, 3.7911327, 4154
sgo, 2006-02-27, 1.10167812, 1.10167812, 1.10167812, 1.10167812, 5333
aph, 2006-02-27, 1.197964, 1.246269, 1.246269, 1.197964, 159846
fel, 2006-02-27, 0.185, 0.19, 0.205, 0.185, 236000
cio, 2006-02-27, 192.0024, 176.0022, 192.0024, 170.6688, 1554
caq, 2006-02-27, 4.8, 5.2, 5.3, 4.8, 16950
nor, 2006-02-27, 18.635349468, 15.52945789, 18.635349468, 15.52945789, 206
pgi, 2006-02-27, 1.13883825, 1.13883825, 1.13883825, 1.13883825, 878
srh, 2006-02-27, 1.0269, 1.03668, 1.03668, 1.0269, 106133
mrz, 2006-02-27, 1.22, 1.215, 1.225, 1.215, 217238
pcl, 2006-02-27, 0.0639381, 0.0639381, 0.0639381, 0.0639381, 111076
sud, 2006-02-27, 2.4302275, 2.5274366, 2.5274366, 2.4302275, 7715
sxx, 2006-02-27, 0.030625, 0.03125, 0.03125, 0.030625, 68800
ahl, 2006-02-27, 248.656904, 248.656904, 253.63004208, 248.656904, 134
lhm, 2006-02-27, 288.520893, 283.1779135, 299.206852, 277.834934, 55
cad, 2006-02-27, 36.5, 35, 36.5, 35, 5100
gbe, 2006-02-27, 0.26, 0.28, 0.28, 0.26, 64696
sop, 2006-02-27, 1.733805948, 1.79359236, 1.79359236, 1.733805948, 4248
gbp, 2006-02-27, 0.5, 0.5, 0.5, 0.5, 27167
bas, 2006-02-27, 0.04106448, 0.040636725, 0.0427755, 0.040636725, 926932
brk, 2006-02-27, 3.4, 3.4, 3.4, 3.4, 7000
crl, 2006-02-27, 0.18, 0.18, 0.185, 0.18, 146114
kte, 2006-02-27, 0.43248503, 0.43676706, 0.43676706, 0.428203, 54593
ida, 2006-02-27, 0.05148696, 0.05087402, 0.05148696, 0.05087402, 440500
sgc, 2006-02-27, 0.098, 0.1, 0.1, 0.095, 20500
fnt, 2006-02-27, 1.348941468, 1.348941468, 1.348941468, 1.348941468, 639
mar, 2006-02-27, 9.25, 9.25, 9.25, 9.25, 757
shk, 2006-02-27, 0.216959, 0.216959, 0.216959, 0.216959, 2650
ajc, 2006-02-27, 0.025027766, 0.025027766, 0.025027766, 0.025027766, 19
fun, 2006-02-27, 27.00625983, 27.45264429, 28.2710158, 27.00625983, 48252
srz, 2006-02-27, 0.216502, 0.216502, 0.216502, 0.216502, 30485
mlm, 2006-02-27, 0.18523755, 0.1920982, 0.1920982, 0.18523755, 228112
tzl, 2006-02-27, 24.93936885, 24.93936885, 24.93936885, 24.03248271, 5997
ivo, 2006-02-27, 84, 84, 84, 84, 75
pua, 2006-02-27, 8.875, 8.75, 8.875, 8.75, 2500
cte, 2006-02-27, 0.14, 0.125, 0.14, 0.125, 15230
cgo, 2006-02-27, 0.64, 0.65, 0.65, 0.64, 156563
bnl, 2006-02-27, 5.85, 6.3, 6.375, 5.775, 65133
hgm, 2006-02-27, 0.289305, 0.289305, 0.289305, 0.2410875, 131709
fin, 2006-02-27, 0.46669, 0.4853576, 0.4853576, 0.46669, 53890
hlx, 2006-02-27, 0.0914159, 0.088467, 0.0914159, 0.0855181, 309743
arm, 2006-02-27, 0.269101, 0.269101, 0.269101, 0.269101, 749347
zip, 2006-02-27, 9.112416396, 9.259390854, 9.259390854, 9.112416396, 284
ddt, 2006-02-27, 0.1710057, 0.1770059, 0.1770059, 0.1710057, 314323
mls, 2006-02-27, 0.028, 0.029, 0.029, 0.027, 6059000
cse, 2006-02-27, 0.2044646, 0.2044646, 0.2044646, 0.2044646, 2961
mcx, 2006-02-27, 57.5, 58.5, 58.5, 57.5, 1212
glv, 2006-02-27, 0.265, 0.27, 0.27, 0.26, 197000
ftt, 2006-02-27, 0.48312054, 0.49078912, 0.49078912, 0.48312054, 52161
var, 2006-02-27, 0.74120263, 0.74120263, 0.74120263, 0.74120263, 1889
re1, 2006-02-27, 15.590925, 15.590925, 15.590925, 15.590925, 32
atp, 2006-02-27, 0.33392522, 0.33392522, 0.33392522, 0.329014555, 202452
pnn, 2006-02-27, 0.30751175, 0.3027808, 0.30751175, 0.29804985, 154116
ser, 2006-02-27, 0.01613024, 0.01613024, 0.01613024, 0.01613024, 333820
mdx, 2006-02-27, 0.09219886, 0.09219886, 0.09219886, 0.09219886, 3672
sf1, 2006-02-27, 93.449056, 89.0686315, 93.449056, 87.60849, 4037
ims, 2006-02-27, 0.098, 0.089, 0.098, 0.089, 1210950
dlc, 2006-02-27, 0.015937192, 0.015937192, 0.015937192, 0.015937192, 474933
blz, 2006-02-27, 8.75, 9, 9, 8.75, 280
svd, 2006-02-27, 2.3666075, 2.26661, 2.3666075, 2.26661, 16485
bph, 2006-02-27, 2.371265925, 2.371265925, 2.506766835, 2.371265925, 13413
kor, 2006-02-27, 0.243455, 0.25185, 0.25185, 0.23506, 231979
ggx, 2006-02-27, 0.12737873, 0.12737873, 0.12737873, 0.12737873, 17075
r3d, 2006-02-27, 1.481392, 1.4619, 1.481392, 1.442408, 119818
arc, 2006-02-27, 3.2890146, 3.2890146, 3.2890146, 3.2890146, 2720
cfe, 2006-02-27, 0.17328247, 0.17328247, 0.175624125, 0.170940815, 2775614
wml, 2006-02-27, 105.5625, 105.5625, 105.5625, 102.9234375, 497
rne, 2006-02-27, 15.00770208, 14.87370474, 15.633023, 14.87370474, 25271
cul, 2006-02-27, 0.775676916, 0.775676916, 0.794145414, 0.775676916, 13408
rcp, 2006-02-27, 19.37817378, 20.30094396, 21.22371414, 19.37817378, 739
opl, 2006-02-27, 34327.141768, 36043.4988564, 36043.4988564, 34327.141768, 1
rdn, 2006-02-27, 57.892779, 49.80024, 57.892779, 49.80024, 207
aap, 2006-02-27, 0.34362, 0.334075, 0.34362, 0.334075, 48193
gcr, 2006-02-27, 1.4934, 1.63095, 1.63095, 1.4934, 192838
val, 2006-02-27, 1.417730925, 1.4793714, 1.4793714, 1.417730925, 62629
rpg, 2006-02-27, 0.885, 0.885, 0.885, 0.885, 10000
oar, 2006-02-27, 59.616, 62.208, 62.208, 59.616, 772
fgo, 2006-02-27, 870, 900, 980, 870, 1962
ign, 2006-02-27, 3.048364, 3.05792, 3.05792, 2.971916, 174004
tkl, 2006-02-27, 0.11710455, 0.11710455, 0.11710455, 0.11710455, 5124
gge, 2006-02-27, 0.46362015, 0.46362015, 0.46362015, 0.46362015, 101409
tta, 2006-02-27, 0.866346, 0.833025, 0.866346, 0.833025, 55551
rmi, 2006-02-27, 1.578545644, 1.578545644, 1.608902291, 1.548188997, 33597
icu, 2006-02-27, 3441.7626, 3330.738, 3441.7626, 3330.738, 11
pch, 2006-02-27, 2.438784, 2.28636, 2.438784, 2.28636, 801
prm, 2006-02-27, 93.79285488, 88.58214072, 93.79285488, 88.58214072, 842
mxr, 2006-02-27, 9.226123155, 9.56783142, 9.56783142, 8.88441489, 3725
tom, 2006-02-27, 36.168707523, 36.69289169, 36.69289169, 36.168707523, 477
cgm, 2006-02-27, 0.2967062, 0.29246754, 0.33485414, 0.29246754, 296733
bmg, 2006-02-27, 1.02053023, 0.9876099, 1.05345056, 0.9876099, 24149
mtb, 2006-02-27, 0.7, 0.665, 0.7, 0.665, 9902
nxe, 2006-02-27, 4531.17691692, 4531.17691692, 4662.51537828, 4531.17691692, 13
tnp, 2006-02-27, 16.43643404, 16.43643404, 16.75251931, 15.48817823, 1534
qtg, 2006-02-27, 13.525407646, 13.159856088, 13.708183425, 13.159856088, 2103
ref, 2006-02-27, 1.75, 1.75, 1.75, 1.75, 756276
knh, 2006-02-27, 0.02327743, 0.02327743, 0.02327743, 0.02327743, 189024
