csl, 2001-10-01, 14.97441, 14.982, 15.048, 14.9292, 503442
cba, 2001-10-01, 26.217656, 26.8542, 26.8542, 26.118196, 1835897
bhp, 2001-10-01, 7.504637869, 7.44450591, 7.51226023, 7.40215946, 4536679
wbc, 2001-10-01, 13.193203109, 13.08751525, 13.2356758, 12.94923207, 3522781
nab, 2001-10-01, 25.43622, 26.5759204, 26.698172, 25.43622, 3738057
wow, 2001-10-01, 11.964, 11.91, 12.08, 11.86, 2264597
anz, 2001-10-01, 15.372386, 15.6293886, 15.6293886, 15.209968, 1733965
wes, 2001-10-01, 19.931540454, 20.386931283, 20.5962372, 19.9275282, 576617
tcl, 2001-10-01, 4.29736553, 4.3069365, 4.33564941, 4.28779456, 415819
tls, 2001-10-01, 5.3, 5.26, 5.31, 5.24, 6917497
fmg, 2001-10-01, 0.01030575, 0.01030575, 0.01030575, 0.01030575, 
rio, 2001-10-01, 25.388253, 25.5956811, 25.79049, 25.214739, 656394
ncm, 2001-10-01, 3.3222826, 3.339812, 3.36749, 3.302908, 332239
wpl, 2001-10-01, 13.723803848, 13.660058868, 13.79833644, 13.5825842, 764306
all, 2001-10-01, 6.4, 6.355, 6.45, 6.35, 362887
asx, 2001-10-01, 10.8993995, 11.1041755, 11.12485, 10.8993995, 190530
rhc, 2001-10-01, 4.1, 4.1, 4.1, 4.08, 160869
amc, 2001-10-01, 5.406994704, 5.324915088, 5.406994704, 5.324915088, 778591
apa, 2001-10-01, 2.1909923, 2.1909923, 2.1909923, 2.16337475, 155981
shl, 2001-10-01, 8, 7.96, 8, 7.93, 488050
iag, 2001-10-01, 3.008222, 3.08791, 3.117793, 3.008222, 796626
coh, 2001-10-01, 46.909, 44.75, 47.13, 44.75, 64426
rea, 2001-10-01, 0.088659, 0.088659, 0.088659, 0.088659, 10151
qbe, 2001-10-01, 5.7816, 5.6925, 5.7816, 5.6034, 1881983
sun, 2001-10-01, 12.142525, 12.51165776, 12.5310858, 12.142525, 849791
sto, 2001-10-01, 4.824612, 4.824612, 4.84873506, 4.80048894, 708336
org, 2001-10-01, 2.512493248, 2.50093776, 2.56696912, 2.476176, 401058
rmd, 2001-10-01, 2.625, 2.6775, 2.6775, 2.6225, 917336
mgr, 2001-10-01, 3.37535, 3.3664675, 3.3842325, 3.33982, 543022
aia, 2001-10-01, 0.7149515, 0.7149515, 0.7149515, 0.7149515, 17036
spk, 2001-10-01, 2.85912, 2.77992, 2.85912, 2.76408, 1168716
gpt, 2001-10-01, 9.18464184, 9.254022228, 9.254022228, 9.18464184, 322169
llc, 2001-10-01, 10.743032, 10.829981, 10.849303, 10.646422, 718337
cim, 2001-10-01, 9.2464628, 9.46915248, 9.47883464, 9.2464628, 78237
afi, 2001-10-01, 2.59753, 2.59753, 2.626936, 2.587728, 875851
ori, 2001-10-01, 3.92383306, 3.86054543, 3.92383306, 3.84246325, 133011
sgp, 2001-10-01, 4.080672, 4.080672, 4.080672, 4.06178, 354551
cpu, 2001-10-01, 4.49, 4.5, 4.51, 4.45, 1149527
tah, 2001-10-01, 4.30474935, 4.324546593, 4.36460148, 4.2817293, 1553659
ccl, 2001-10-01, 5.46, 5.6, 5.6, 5.46, 433247
ctx, 2001-10-01, 0.95, 0.95, 0.95, 0.94, 201216
osh, 2001-10-01, 0.701568, 0.691824, 0.701568, 0.68208, 292022
reh, 2001-10-01, 0.82715975, 0.82715975, 0.82715975, 0.82715975, 73165
arg, 2001-10-01, 3.6348634, 3.66355969, 3.68269055, 3.6348634, 23104
qan, 2001-10-01, 3.092544, 3.02316, 3.092544, 3.003336, 3255647
amp, 2001-10-01, 13.54670577, 13.52094458, 13.54670577, 13.3958188, 919559
alu, 2001-10-01, 3.937072, 3.91796, 3.937072, 3.91796, 21268
sol, 2001-10-01, 4.401, 4.5, 4.5, 4.401, 1600
awc, 2001-10-01, 3.617601, 3.61481823, 3.65934255, 3.5804974, 4464063
ann, 2001-10-01, 3.6, 3.6, 3.65, 3.55, 292869
hvn, 2001-10-01, 3.187834239, 3.145480374, 3.24712965, 3.14359798, 428481
bpt, 2001-10-01, 0.335534626, 0.329203784, 0.335534626, 0.322872942, 40769
bld, 2001-10-01, 2.720205, 2.78367645, 2.78367645, 2.6839356, 442018
tne, 2001-10-01, 0.83, 0.82, 0.83, 0.81, 28381
ilu, 2001-10-01, 3.0418843, 3.042774, 3.087259, 3.02498, 58996
ben, 2001-10-01, 6.009472, 6.02924, 6.049008, 6.009472, 97593
alq, 2001-10-01, 0.8211515, 0.8211515, 0.8297952, 0.8211515, 97771
ozl, 2001-10-01, 1.16424, 1.21275, 1.21275, 1.16424, 37351
pme, 2001-10-01, 0.9, 0.9, 0.9, 0.9, 3000
brg, 2001-10-01, 0.7, 0.7, 0.7, 0.69, 58925
fbu, 2001-10-01, 2.013995, 2.013995, 2.013995, 2.013995, 
mlt, 2001-10-01, 2.25, 2.27, 2.27, 2.25, 7500
rrl, 2001-10-01, 15.22605384, 15.22605384, 15.22605384, 15.22605384, 
pmv, 2001-10-01, 1.4, 1.4, 1.4, 1.4, 
dow, 2001-10-01, 2.25961666, 2.22317123, 2.25961666, 2.22317123, 9124
bwp, 2001-10-01, 1.19961344, 1.19961344, 1.20898542, 1.19024146, 358108
boq, 2001-10-01, 5.30459907, 5.23979594, 5.4619781, 5.23979594, 23306
hta, 2001-10-01, 0.19, 0.195, 0.195, 0.185, 3100438
flt, 2001-10-01, 19.324845, 19.924065, 19.924065, 19.324845, 13278
bkw, 2001-10-01, 5.45, 5.45, 5.45, 5.45, 
sbm, 2001-10-01, 1.17794109, 1.203548505, 1.254763335, 1.17794109, 326190
cmw, 2001-10-01, 0.053621946, 0.053621946, 0.053621946, 0.053621946, 
nuf, 2001-10-01, 2.29372, 2.29372, 2.29372, 2.29372, 10068
ire, 2001-10-01, 2.184896, 2.165388, 2.19465, 2.14588, 184295
csr, 2001-10-01, 4.378311, 4.3713613, 4.447808, 4.3644116, 1979121
voc, 2001-10-01, 0.2388303, 0.2388303, 0.2388303, 0.2388303, 
cqr, 2001-10-01, 7.55, 7.5, 7.6, 7.4, 46061
pnv, 2001-10-01, 0.46, 0.495, 0.495, 0.46, 15000
abc, 2001-10-01, 0.75170557, 0.74194316, 0.75170557, 0.72241834, 126086
skc, 2001-10-01, 2.179036671, 2.179036671, 2.179036671, 2.179036671, 4262
hls, 2001-10-01, 2.92971, 2.92971, 2.92971, 2.92971, 3412
eld, 2001-10-01, 127.41933955, 131.4772803, 133.1004566, 127.41933955, 15092
ppt, 2001-10-01, 37.23, 36.8, 37.29, 36.62, 101222
wam, 2001-10-01, 1.255686, 1.255686, 1.255686, 1.255686, 7092
bkl, 2001-10-01, 5.95, 5.95, 5.95, 5.95, 
aiz, 2001-10-01, 2.87933098, 2.87933098, 2.87933098, 2.87933098, 
ape, 2001-10-01, 0.733488, 0.733488, 0.733488, 0.733488, 
arb, 2001-10-01, 1.8, 1.8, 1.8, 1.8, 
lyc, 2001-10-01, 0.825, 0.825, 0.825, 0.825, 
evt, 2001-10-01, 1.529928, 1.55826, 1.55826, 1.51104, 46367
isx, 2001-10-01, 2.629748121, 2.629748121, 2.629748121, 2.629748121, 50
cuv, 2001-10-01, 0.650556, 0.57402, 0.650556, 0.57402, 9407
asb, 2001-10-01, 1.03, 1.06, 1.06, 1.02, 169447
mnd, 2001-10-01, 0.3275, 0.3275, 0.3275, 0.3275, 1400
avh, 2001-10-01, 0.2206308, 0.2206308, 0.2206308, 0.2206308, 1552
aui, 2001-10-01, 3.51147375, 3.51147375, 3.51147375, 3.51147375, 
zim, 2001-10-01, 0.6, 0.6, 0.6, 0.6, 200
ccp, 2001-10-01, 0.52, 0.53, 0.53, 0.52, 20000
dui, 2001-10-01, 1.6190032, 1.6190032, 1.6190032, 1.6190032, 18530
gnc, 2001-10-01, 3.9642304, 3.926832, 3.9642304, 3.926832, 7754
lic, 2001-10-01, 1.78125, 1.828125, 1.875, 1.6875, 86040
gud, 2001-10-01, 1.6, 1.57, 1.6, 1.57, 12572
shv, 2001-10-01, 1.36317817, 1.34512283, 1.36317817, 1.34512283, 4416
opt, 2001-10-01, 1.56384, 1.544292, 1.56384, 1.544292, 7725
jin, 2001-10-01, 0.19, 0.19, 0.19, 0.19, 250
agg, 2001-10-01, 0.612675, 0.612675, 0.612675, 0.612675, 29820
mgx, 2001-10-01, 0.00222825, 0.00222825, 0.00222825, 0.00222825, 269270
gwa, 2001-10-01, 2.45384766, 2.4494736, 2.4932142, 2.4494736, 7937
nea, 2001-10-01, 0.41, 0.41, 0.41, 0.41, 4200
prn, 2001-10-01, 0.05695092, 0.05695092, 0.05695092, 0.05695092, 6321
dtl, 2001-10-01, 0.045, 0.045, 0.045, 0.045, 400000
ocl, 2001-10-01, 0.35, 0.39, 0.39, 0.35, 20000
era, 2001-10-01, 0.88975565, 0.88975565, 0.89456514, 0.87532718, 2910348
eos, 2001-10-01, 0.25, 0.25, 0.25, 0.25, 
hsn, 2001-10-01, 1.237164, 1.237164, 1.237164, 1.237164, 7094
aac, 2001-10-01, 0.73637006, 0.73637006, 0.73637006, 0.72704892, 92032
bub, 2001-10-01, 0.039, 0.039, 0.039, 0.039, 60000
maq, 2001-10-01, 0.88, 0.87, 0.88, 0.85, 10000
ifm, 2001-10-01, 1.46, 1.46, 1.46, 1.46, 6867
cin, 2001-10-01, 7.2, 7.2, 7.2, 7.2, 
iri, 2001-10-01, 0.54, 0.54, 0.54, 0.54, 
djw, 2001-10-01, 3.140206, 3.120762, 3.140206, 3.11104, 39822
api, 2001-10-01, 2.19478, 2.18624, 2.19478, 2.1777, 5006
red, 2001-10-01, 0.48145, 0.48145, 0.48145, 0.48145, 
mah, 2001-10-01, 0.090105, 0.090105, 0.090105, 0.090105, 338669
eqt, 2001-10-01, 5.498715, 5.498715, 5.498715, 5.498715, 
alk, 2001-10-01, 0.198781254, 0.20563578, 0.20563578, 0.1958436, 129797
ccx, 2001-10-01, 3.75625, 3.8, 3.875, 3.75, 34422
imd, 2001-10-01, 0.22, 0.22, 0.22, 0.22, 24929
tbr, 2001-10-01, 0.76, 0.75, 0.78, 0.75, 37000
pmc, 2001-10-01, 1.871926452, 1.87779456, 1.91691528, 1.8582342, 73323
fgx, 2001-10-01, 258.01926708, 258.01926708, 258.01926708, 254.30675964, 254
spl, 2001-10-01, 0.54, 0.5, 0.54, 0.48, 56700
vrl, 2001-10-01, 1.2500082, 1.23215094, 1.25893683, 1.23215094, 44057
cwp, 2001-10-01, 0.44, 0.44, 0.44, 0.44, 
mir, 2001-10-01, 0.85618, 0.8658, 0.8658, 0.85618, 57692
clv, 2001-10-01, 0.2, 0.2, 0.2, 0.2, 2000
leg, 2001-10-01, 0.05153269, 0.05153269, 0.05153269, 0.05153269, 
cvn, 2001-10-01, 0.0589791, 0.0589791, 0.0589791, 0.0589791, 
rmc, 2001-10-01, 1.05, 1.06, 1.06, 1.05, 14000
ht1, 2001-10-01, 17.61272055, 17.23087295, 17.6604515, 17.183142, 8084
ppk, 2001-10-01, 0.72, 0.7, 0.72, 0.7, 5600
sxy, 2001-10-01, 0.331424836, 0.31350998, 0.331424836, 0.31350998, 141728
zno, 2001-10-01, 16.625, 16.625, 16.625, 16.625, 
mcp, 2001-10-01, 1.19946862, 1.20930033, 1.20930033, 1.19946862, 42719
twr, 2001-10-01, 3.22482816, 3.23322615, 3.23322615, 3.22482816, 3345
omh, 2001-10-01, 0.0422235, 0.0422235, 0.0422235, 0.0422235, 
emr, 2001-10-01, 2.24641, 2.34408, 2.34408, 2.197575, 93575
amh, 2001-10-01, 23.2, 23.04, 23.2, 23.04, 4067
dub, 2001-10-01, 15.068065, 15.068065, 15.068065, 15.068065, 
ric, 2001-10-01, 0.89, 0.88, 0.89, 0.88, 312707
mcr, 2001-10-01, 0.13, 0.135, 0.135, 0.13, 269000
pdn, 2001-10-01, 0.0169993, 0.0169993, 0.0169993, 0.0169993, 
cdp, 2001-10-01, 2.01, 2.01, 2.01, 2.01, 
wpp, 2001-10-01, 3.340113, 3.349116, 3.349116, 3.340113, 7553
aba, 2001-10-01, 3.9792, 3.939408, 3.9792, 3.939408, 1206
ksc, 2001-10-01, 0.90205815, 0.90205815, 0.90205815, 0.90205815, 
hlo, 2001-10-01, 0.335988, 0.335988, 0.335988, 0.335988, 
fri, 2001-10-01, 0.255, 0.255, 0.255, 0.255, 
wzr, 2001-10-01, 0.45669, 0.45669, 0.45669, 0.45669, 3558
aei, 2001-10-01, 0.11, 0.11, 0.11, 0.11, 
clh, 2001-10-01, 4.2, 4.2, 4.2, 4.2, 9692
avj, 2001-10-01, 0.7886656, 0.7886656, 0.7886656, 0.7886656, 
ezl, 2001-10-01, 0.25, 0.25, 0.25, 0.25, 
snl, 2001-10-01, 0.174496, 0.174496, 0.174496, 0.174496, 
far, 2001-10-01, 0.0836724, 0.0836724, 0.0836724, 0.0836724, 
fwd, 2001-10-01, 1.35772, 1.35772, 1.35772, 1.35772, 1031
cvc, 2001-10-01, 0.65, 0.65, 0.65, 0.65, 
swm, 2001-10-01, 4.51012206, 4.51012206, 4.528235, 4.51012206, 46552
ewc, 2001-10-01, 0.0517712, 0.0507756, 0.0537624, 0.0507756, 689993
ajm, 2001-10-01, 0.099324962, 0.097439045, 0.099324962, 0.097439045, 22270
bsa, 2001-10-01, 0.065639, 0.065639, 0.065639, 0.065639, 27422
sfg, 2001-10-01, 0.11817065, 0.11817065, 0.11817065, 0.11817065, 3850
jrv, 2001-10-01, 0.767269437, 0.866271945, 0.866271945, 0.693017556, 7814
avg, 2001-10-01, 3.974269, 3.932, 3.974269, 3.92217, 99811
ccv, 2001-10-01, 0.034685, 0.034685, 0.034685, 0.034685, 
wja, 2001-10-01, 0.470482, 0.470482, 0.470482, 0.470482, 
pcg, 2001-10-01, 1.8, 1.8, 1.8, 1.8, 
lau, 2001-10-01, 0.229175, 0.229175, 0.229175, 0.229175, 
boc, 2001-10-01, 0.13, 0.13, 0.13, 0.13, 
agd, 2001-10-01, 0.75788055, 0.79530675, 0.79530675, 0.75788055, 6765
gll, 2001-10-01, 0.15049964, 0.15049964, 0.15049964, 0.15049964, 
rct, 2001-10-01, 1.35, 1.35, 1.35, 1.35, 18750
mrc, 2001-10-01, 0.089775, 0.089775, 0.089775, 0.089775, 
ans, 2001-10-01, 0.0122577, 0.0122577, 0.0122577, 0.0122577, 
cmp, 2001-10-01, 0.56, 0.56, 0.56, 0.56, 10000
sdi, 2001-10-01, 0.156, 0.136, 0.156, 0.136, 170000
pll, 2001-10-01, 2.42527, 2.42527, 2.42527, 2.42527, 
kcn, 2001-10-01, 0.751922, 0.76144, 0.76144, 0.751922, 12258
cii, 2001-10-01, 0.15, 0.15, 0.15, 0.15, 
top, 2001-10-01, 4.243366392, 4.243366392, 4.243366392, 4.243366392, 
pos, 2001-10-01, 0.0510592, 0.047868, 0.0606328, 0.047868, 28705
a2b, 2001-10-01, 3.55, 3.22, 3.55, 3.22, 1600
adn, 2001-10-01, 0.03491945, 0.03491945, 0.03491945, 0.03491945, 7159
gow, 2001-10-01, 1.6233711, 1.664996, 1.664996, 1.6233711, 9610
ara, 2001-10-01, 0.22, 0.22, 0.22, 0.22, 
moz, 2001-10-01, 0.594872, 0.594872, 0.594872, 0.594872, 
afa, 2001-10-01, 0.339477021, 0.330772482, 0.339477021, 0.330772482, 6280
hzn, 2001-10-01, 0.11437752, 0.11914325, 0.11914325, 0.11437752, 111316
twd, 2001-10-01, 0.6750456, 0.6842928, 0.6842928, 0.6750456, 5407
st1, 2001-10-01, 289.97240845, 289.97240845, 289.97240845, 289.97240845, 
elx, 2001-10-01, 0.628314, 0.628314, 0.628314, 0.628314, 
mrm, 2001-10-01, 0.65685878, 0.66573525, 0.66573525, 0.65685878, 56904
rht, 2001-10-01, 3.42753618, 3.42753618, 3.42753618, 3.42753618, 
aar, 2001-10-01, 0.2, 0.21, 0.21, 0.2, 3294
tng, 2001-10-01, 0.1067486, 0.1067486, 0.1067486, 0.1067486, 
rkn, 2001-10-01, 0.075632, 0.0671234, 0.075632, 0.0671234, 20097
rdf, 2001-10-01, 0.7649786, 0.7560835, 0.8450345, 0.7560835, 20123
ctm, 2001-10-01, 2.388189388, 2.388189388, 2.388189388, 2.388189388, 
bit, 2001-10-01, 0.2341485, 0.2341485, 0.2341485, 0.2341485, 705
oec, 2001-10-01, 5.5, 5.4, 5.5, 5.3, 13335
pgc, 2001-10-01, 3.738594945, 3.738594945, 3.738594945, 3.738594945, 
slx, 2001-10-01, 2.45, 2.5, 2.5, 2.45, 15034
cai, 2001-10-01, 55.750833441, 55.750833441, 55.750833441, 55.750833441, 
clf, 2001-10-01, 0.98, 0.98, 0.98, 0.98, 4300
tdl, 2001-10-01, 0.77796718, 0.77796718, 0.77796718, 0.77796718, 122
jan, 2001-10-01, 178.38377564, 178.38377564, 178.38377564, 178.38377564, 
wfe, 2001-10-01, 0.166645974, 0.166645974, 0.166645974, 0.166645974, 594
dyl, 2001-10-01, 0.718943752, 0.718943752, 0.718943752, 0.718943752, 
eeg, 2001-10-01, 1.327801104, 1.327801104, 1.327801104, 1.327801104, 458
ajl, 2001-10-01, 0.60139552, 0.60139552, 0.60139552, 0.60139552, 2927
hit, 2001-10-01, 0.4, 0.4, 0.4, 0.4, 
cue, 2001-10-01, 0.043637992, 0.041740688, 0.043637992, 0.040792036, 421651
sta, 2001-10-01, 0.876754414, 0.876754414, 0.876754414, 0.876754414, 2058
ttb, 2001-10-01, 1.89278, 1.89278, 1.89278, 1.89278, 
ac8, 2001-10-01, 9.429, 9.429, 9.429, 9.429, 
ffi, 2001-10-01, 1.07, 1.07, 1.07, 1.07, 
caa, 2001-10-01, 11.9054931, 11.71751163, 11.9054931, 11.65485114, 6836
cyg, 2001-10-01, 3.557921, 3.557921, 3.557921, 3.557921, 671
agy, 2001-10-01, 0.13028796, 0.128478405, 0.13028796, 0.128478405, 185128
lko, 2001-10-01, 0.034001927, 0.034920898, 0.034920898, 0.034001927, 1002208
ibc, 2001-10-01, 0.56601473, 0.56601473, 0.56601473, 0.56601473, 10777
nva, 2001-10-01, 0.1365, 0.1365, 0.1365, 0.1365, 5128
ptl, 2001-10-01, 17.77179252, 18.49831234, 18.55419848, 17.77179252, 6633
glb, 2001-10-01, 15.07612, 15.53022, 15.80268, 15.07612, 9149
dxb, 2001-10-01, 4.524658187, 4.524658187, 4.524658187, 4.524658187, 
sen, 2001-10-01, 0.033335, 0.033335, 0.033335, 0.033335, 160882
dgh, 2001-10-01, 0.430128, 0.430128, 0.430128, 0.430128, 
fml, 2001-10-01, 4, 4.05, 4.05, 4, 4069
hil, 2001-10-01, 2.42, 2.41, 2.42, 2.41, 18588
haw, 2001-10-01, 2.05002, 2.05002, 2.05002, 2.05002, 
moy, 2001-10-01, 1.32176543, 1.32176543, 1.32176543, 1.32176543, 1106
pnw, 2001-10-01, 0.76698325, 0.6972575, 0.76698325, 0.6972575, 14342
vii, 2001-10-01, 0.3318, 0.3318, 0.3318, 0.3318, 5063
byi, 2001-10-01, 0.44784, 0.44784, 0.44784, 0.44784, 2261
88e, 2001-10-01, 7.211974896, 7.211974896, 7.662723327, 7.211974896, 1644
hrz, 2001-10-01, 0.03311665, 0.03311665, 0.03311665, 0.03311665, 
fsi, 2001-10-01, 1.066824, 1.056946, 1.066824, 1.056946, 19235
nam, 2001-10-01, 0.25, 0.25, 0.25, 0.25, 
kov, 2001-10-01, 1.2, 1.2, 1.2, 1.2, 
fbr, 2001-10-01, 19.73057368, 19.73057368, 19.73057368, 19.73057368, 
clx, 2001-10-01, 0.05919419, 0.05919419, 0.05919419, 0.05919419, 15711
rft, 2001-10-01, 0.0604062, 0.0604062, 0.0604062, 0.0604062, 
bot, 2001-10-01, 59.94, 59.94, 59.94, 59.94, 
bcb, 2001-10-01, 9.247196, 9.247196, 9.247196, 9.247196, 
pen, 2001-10-01, 1.41922315, 1.41922315, 1.41922315, 1.41922315, 
gap, 2001-10-01, 0.466648, 0.466648, 0.466648, 0.466648, 14641
rsh, 2001-10-01, 1269.45359167, 1214.788126, 1275.5275323, 1123.67901655, 97
smc, 2001-10-01, 0.37716018, 0.37716018, 0.37716018, 0.37716018, 3148
bbl, 2001-10-01, 0.125, 0.125, 0.125, 0.125, 
lpd, 2001-10-01, 1.811327784, 1.811327784, 1.811327784, 1.811327784, 
cka, 2001-10-01, 0.062777, 0.062777, 0.062777, 0.062777, 
bd1, 2001-10-01, 1.7699902, 1.7699902, 1.7699902, 1.7699902, 
prt, 2001-10-01, 1.58832, 1.63244, 1.63244, 1.58832, 14166
ado, 2001-10-01, 3.53810799, 3.60018006, 3.60018006, 3.53810799, 7318
ebg, 2001-10-01, 0.5610984, 0.5610984, 0.5610984, 0.5610984, 
kza, 2001-10-01, 10.80744995, 10.42488535, 10.80744995, 10.42488535, 4225
law, 2001-10-01, 0.011821208, 0.011821208, 0.011821208, 0.011821208, 9474
erx, 2001-10-01, 0.0474406, 0.0474406, 0.0474406, 0.0474406, 
mpo, 2001-10-01, 0.09733, 0.09733, 0.09733, 0.09733, 
kfe, 2001-10-01, 2.81032151, 2.81032151, 2.81032151, 2.81032151, 
ivq, 2001-10-01, 22.509916, 22.89144, 22.89144, 22.128392, 527
ads, 2001-10-01, 0.105299634, 0.100513287, 0.105299634, 0.100513287, 15670
ige, 2001-10-01, 45.4012767, 42.87898355, 45.4012767, 42.87898355, 764
idt, 2001-10-01, 3.97866, 3.836565, 3.97866, 3.7892, 49712
tap, 2001-10-01, 0.9697597, 0.99360625, 0.99360625, 0.9697597, 292174
sih, 2001-10-01, 0.152662093, 0.16069694, 0.16069694, 0.152662093, 18669
ada, 2001-10-01, 0.895804, 0.905648, 0.905648, 0.895804, 2022
ct1, 2001-10-01, 18.63584375, 18.263126875, 18.63584375, 17.89041, 4581
gtg, 2001-10-01, 0.410652, 0.410652, 0.410652, 0.410652, 35076
eqx, 2001-10-01, 1.25, 1.25, 1.25, 1.25, 
dse, 2001-10-01, 255.562856512, 255.562856512, 255.562856512, 255.562856512, 10
tfl, 2001-10-01, 0.138158, 0.138158, 0.138158, 0.138158, 
jyc, 2001-10-01, 0.633152, 0.633152, 0.633152, 0.633152, 
ksn, 2001-10-01, 82.662255, 82.662255, 82.662255, 82.662255, 
ajx, 2001-10-01, 12.67283904, 12.5796564, 12.85920432, 12.5796564, 10247
mxi, 2001-10-01, 0.135, 0.13, 0.135, 0.13, 200000
obj, 2001-10-01, 0.44411785, 0.44411785, 0.44411785, 0.44411785, 
ngy, 2001-10-01, 1.063202182, 1.063202182, 1.063202182, 1.063202182, 2634
moq, 2001-10-01, 3.4280578, 3.282183, 3.4280578, 3.282183, 1097
wnr, 2001-10-01, 67.081, 67.081, 67.081, 67.081, 
bno, 2001-10-01, 0.576636, 0.576636, 0.576636, 0.576636, 18105
tia, 2001-10-01, 15.986016135, 15.986016135, 15.986016135, 15.986016135, 
emb, 2001-10-01, 1.5, 1.5, 1.5, 1.5, 
prx, 2001-10-01, 1.478530725, 1.478530725, 1.478530725, 1.478530725, 9232
ses, 2001-10-01, 1.56938166, 1.79357904, 1.79357904, 1.56938166, 2232
vip, 2001-10-01, 342.84, 342.84, 342.84, 342.84, 9
pdz, 2001-10-01, 10.7185, 10.7185, 10.7185, 10.7185, 
seq, 2001-10-01, 574.0970352, 574.0970352, 574.0970352, 574.0970352, 
ciw, 2001-10-01, 0.4182475, 0.4182475, 0.4182475, 0.4182475, 
blu, 2001-10-01, 0.48, 0.49, 0.49, 0.48, 11088
lke, 2001-10-01, 0.1275, 0.1275, 0.1275, 0.1275, 
atr, 2001-10-01, 0.178894, 0.178894, 0.178894, 0.178894, 
kpo, 2001-10-01, 0.00874272, 0.00874272, 0.00874272, 0.00874272, 
asp, 2001-10-01, 0.03694872, 0.03694872, 0.03694872, 0.03694872, 
mcm, 2001-10-01, 7, 7, 7, 7, 
coo, 2001-10-01, 1.35, 1.3, 1.35, 1.3, 6500
hgl, 2001-10-01, 2, 2, 2, 2, 
oil, 2001-10-01, 0.4, 0.42, 0.42, 0.4, 137650
hgo, 2001-10-01, 45.0060912, 45.0060912, 45.0060912, 45.0060912, 18
ags, 2001-10-01, 0.099521616, 0.097448249, 0.099521616, 0.097448249, 118375
ntl, 2001-10-01, 0.019714084, 0.019714084, 0.019714084, 0.019714084, 
gml, 2001-10-01, 0.05313, 0.05313, 0.05313, 0.05313, 
hrr, 2001-10-01, 1.15065025, 1.1135325, 1.15065025, 1.1135325, 9429
gme, 2001-10-01, 0.016465815, 0.016465815, 0.016465815, 0.016465815, 
btc, 2001-10-01, 0.335, 0.29, 0.335, 0.29, 29400
ics, 2001-10-01, 1.5926971, 1.5926971, 1.5926971, 1.5926971, 1312
vpr, 2001-10-01, 1.919955632, 1.919955632, 1.919955632, 1.919955632, 
egy, 2001-10-01, 24.375, 24.375, 24.375, 24.375, 
mgl, 2001-10-01, 12.3844, 12.20748, 13.09208, 12.20748, 14838
ptx, 2001-10-01, 108.249243, 108.249243, 108.249243, 108.249243, 22
axi, 2001-10-01, 0.0138567, 0.0138567, 0.0138567, 0.0138567, 
dev, 2001-10-01, 0.03040632, 0.03040632, 0.03040632, 0.03040632, 
ath, 2001-10-01, 0.89, 0.89, 0.89, 0.89, 
a1m, 2001-10-01, 15.6, 15.6, 15.6, 15.6, 309
ele, 2001-10-01, 10.6245, 12.7494, 12.7494, 10.6245, 99
fzr, 2001-10-01, 0.09401, 0.09401, 0.09401, 0.09401, 
frm, 2001-10-01, 0.483531, 0.483531, 0.483531, 0.483531, 
tps, 2001-10-01, 90.3534593, 90.3534593, 90.3534593, 90.3534593, 
lny, 2001-10-01, 12.48, 12.48, 12.48, 12.48, 1307
imc, 2001-10-01, 6.93259392, 7.18018656, 7.18018656, 6.93259392, 860
bpp, 2001-10-01, 1.33153415, 1.33153415, 1.33153415, 1.33153415, 3335
nwe, 2001-10-01, 0.09238736, 0.09238736, 0.09238736, 0.09238736, 
bug, 2001-10-01, 1.049864, 1.022236, 1.049864, 1.022236, 4398
msm, 2001-10-01, 5396.63609573, 5511.45814032, 5511.45814032, 5396.63609573, 0
ovt, 2001-10-01, 0.55, 0.55, 0.56, 0.54, 114930
hng, 2001-10-01, 1.0118336, 1.0118336, 1.0118336, 1.0118336, 13619
ixr, 2001-10-01, 0.053975664, 0.053975664, 0.053975664, 0.053975664, 
cxz, 2001-10-01, 0.74464, 0.74464, 0.74464, 0.74464, 
mwr, 2001-10-01, 0.064779, 0.064779, 0.064779, 0.064779, 
kbc, 2001-10-01, 0.526735, 0.526735, 0.526735, 0.526735, 
dvn, 2001-10-01, 0.68892407, 0.76903152, 0.78505301, 0.68892407, 270496
knm, 2001-10-01, 0.81, 0.78, 0.81, 0.78, 30000
aiy, 2001-10-01, 0.09217698, 0.09217698, 0.09217698, 0.09217698, 20613
mgu, 2001-10-01, 0.04146084, 0.04146084, 0.04146084, 0.04146084, 
cto, 2001-10-01, 0.079, 0.079, 0.079, 0.079, 425000
bar, 2001-10-01, 0.26, 0.26, 0.26, 0.26, 
olh, 2001-10-01, 0.7117312, 0.7117312, 0.7117312, 0.7117312, 
may, 2001-10-01, 0.425088, 0.1115856, 0.4675968, 0.1115856, 90645
ave, 2001-10-01, 0.1708875, 0.1708875, 0.1708875, 0.1708875, 20481
cce, 2001-10-01, 0.02, 0.02, 0.02, 0.02, 
tpp, 2001-10-01, 1.06513, 1.06513, 1.06513, 1.06513, 
gul, 2001-10-01, 0.015, 0.015, 0.015, 0.015, 
fyi, 2001-10-01, 2.3691552, 2.3691552, 2.3691552, 2.3691552, 1878
kis, 2001-10-01, 0.14301984, 0.14301984, 0.14301984, 0.14301984, 
alt, 2001-10-01, 0.08119156, 0.08119156, 0.08119156, 0.08119156, 
arq, 2001-10-01, 0.3340285, 0.309101, 0.3340285, 0.309101, 27232
adx, 2001-10-01, 0.1949324, 0.1949324, 0.1949324, 0.1949324, 30780
lce, 2001-10-01, 0.175, 0.175, 0.175, 0.175, 
eqe, 2001-10-01, 0.117036, 0.117036, 0.117036, 0.117036, 41013
mrv, 2001-10-01, 0.4290466, 0.4290466, 0.4290466, 0.4290466, 
sw1, 2001-10-01, 5.5002, 5.5002, 5.5002, 5.5002, 
aft, 2001-10-01, 0.017369319, 0.017369319, 0.017369319, 0.017369319, 51297
ect, 2001-10-01, 2.325, 2.175, 2.325, 2.175, 4533
hwk, 2001-10-01, 240.07462815, 282.440739, 282.440739, 235.3672825, 52
psa, 2001-10-01, 0.13341945, 0.13341945, 0.13341945, 0.12452482, 76801
scu, 2001-10-01, 9.72, 9.72, 9.72, 9.72, 
dw8, 2001-10-01, 11.39920561, 11.9991638, 11.9991638, 11.39920561, 817
cm8, 2001-10-01, 264.133077975, 264.133077975, 264.133077975, 264.133077975, 5
clt, 2001-10-01, 0.4484095, 0.4484095, 0.4484095, 0.4484095, 4057
yow, 2001-10-01, 517.5, 517.5, 517.5, 517.5, 
srk, 2001-10-01, 0.06, 0.06, 0.06, 0.06, 
lmg, 2001-10-01, 0.025, 0.025, 0.025, 0.025, 2000
cym, 2001-10-01, 63339.52623862, 63339.52623862, 63339.52623862, 63339.52623862, 0
ook, 2001-10-01, 1.2047748, 1.2047748, 1.2047748, 1.2047748, 
hhm, 2001-10-01, 0.03558065, 0.03558065, 0.03558065, 0.03558065, 
gmr, 2001-10-01, 0.92225817, 0.92225817, 0.92225817, 0.92225817, 
krs, 2001-10-01, 0.04, 0.04, 0.04, 0.04, 175092
icn, 2001-10-01, 0.07, 0.07, 0.07, 0.07, 133500
tnr, 2001-10-01, 10.474181718, 9.922908996, 10.474181718, 9.922908996, 2384
mhi, 2001-10-01, 0.105, 0.105, 0.105, 0.105, 8000
aqc, 2001-10-01, 389.3193318, 407.8583476, 407.8583476, 389.3193318, 32
lin, 2001-10-01, 0.230778911, 0.230778911, 0.230778911, 0.230778911, 
meb, 2001-10-01, 9.49410544, 8.90072385, 9.49410544, 8.90072385, 1457
ady, 2001-10-01, 0.161298584, 0.161298584, 0.161298584, 0.161298584, 274026
bat, 2001-10-01, 3.761936, 3.761936, 3.761936, 3.761936, 
em1, 2001-10-01, 0.8800302, 0.8800302, 0.8800302, 0.8800302, 846
aur, 2001-10-01, 2.10972806, 2.10972806, 2.10972806, 2.10972806, 
ffg, 2001-10-01, 0.14166, 0.14166, 0.14166, 0.14166, 
ler, 2001-10-01, 0.7013106, 0.7013106, 0.7013106, 0.7013106, 
egl, 2001-10-01, 0.16347636, 0.16347636, 0.16347636, 0.16347636, 
cio, 2001-10-01, 746.676, 746.676, 746.676, 746.676, 
nor, 2001-10-01, 18.635349468, 18.635349468, 18.635349468, 18.635349468, 
mrz, 2001-10-01, 0.98, 1, 1, 0.98, 50484
pcl, 2001-10-01, 0.03420391, 0.03512834, 0.03512834, 0.03420391, 453840
ncr, 2001-10-01, 0.075, 0.071, 0.075, 0.071, 15000
ahl, 2001-10-01, 198.9255232, 198.9255232, 198.9255232, 198.9255232, 
klr, 2001-10-01, 0.28, 0.25, 0.28, 0.25, 1305
cad, 2001-10-01, 15.93025, 15.93025, 15.93025, 15.93025, 59
sop, 2001-10-01, 11.95728224, 11.95728224, 11.95728224, 11.95728224, 
gbp, 2001-10-01, 0.284375, 0.30625, 0.30625, 0.284375, 137075
rmg, 2001-10-01, 514.81584, 514.81584, 525.54117, 514.81584, 85
crl, 2001-10-01, 0.055, 0.055, 0.055, 0.055, 30983
ida, 2001-10-01, 0.05148696, 0.05148696, 0.05148696, 0.05148696, 163148
lsa, 2001-10-01, 2862.5544, 2836.3725, 2923.6455, 2836.3725, 17
ieq, 2001-10-01, 0.05, 0.05, 0.05, 0.05, 
lio, 2001-10-01, 11.11080556, 11.11080556, 11.11080556, 11.11080556, 
ajc, 2001-10-01, 0.01416666, 0.01416666, 0.01416666, 0.01416666, 
fun, 2001-10-01, 5.9517928, 5.9517928, 5.9517928, 5.9517928, 156
tzl, 2001-10-01, 32.874622285, 32.874622285, 32.874622285, 32.874622285, 
ivo, 2001-10-01, 342.232, 342.232, 342.232, 342.232, 1
cgo, 2001-10-01, 0.82, 0.82, 0.82, 0.82, 
bnl, 2001-10-01, 9.9, 10.2, 10.2, 9.75, 11967
hgm, 2001-10-01, 5.0628375, 5.5450125, 5.5450125, 5.0628375, 43794
kkl, 2001-10-01, 0.680073163, 0.70656952, 0.70656952, 0.680073163, 4189
lcd, 2001-10-01, 1.127851128, 1.127851128, 1.127851128, 1.127851128, 
hlx, 2001-10-01, 0.1663632, 0.15527232, 0.1663632, 0.15527232, 146066
ipc, 2001-10-01, 0.68, 0.68, 0.68, 0.68, 
mls, 2001-10-01, 0.008, 0.008, 0.008, 0.008, 80000
mcx, 2001-10-01, 25, 25, 25, 25, 
amb, 2001-10-01, 0.625105, 0.625105, 0.625105, 0.625105, 
atp, 2001-10-01, 0.276961506, 0.276961506, 0.276961506, 0.276961506, 14764
tbl, 2001-10-01, 7.63665, 7.63665, 7.63665, 7.63665, 
ser, 2001-10-01, 0.01468242, 0.01468242, 0.01468242, 0.01468242, 30649
apg, 2001-10-01, 0.098, 0.097, 0.098, 0.097, 44463
niu, 2001-10-01, 8.9907165, 8.9907165, 8.9907165, 8.9907165, 
dlc, 2001-10-01, 0.048589, 0.048589, 0.048589, 0.048589, 
blz, 2001-10-01, 8.75, 8.75, 8.75, 8.75, 
svd, 2001-10-01, 3.9999, 3.9999, 3.9999, 3.9999, 128
nae, 2001-10-01, 0.04861, 0.04861, 0.04861, 0.04861, 
arc, 2001-10-01, 0.5481691, 0.5481691, 0.5481691, 0.5481691, 
aro, 2001-10-01, 4.30312761, 4.30312761, 4.30312761, 4.30312761, 
cfe, 2001-10-01, 0.05619972, 0.05619972, 0.05619972, 0.05619972, 
ged, 2001-10-01, 0.04, 0.04, 0.04, 0.04, 
fau, 2001-10-01, 0.25, 0.25, 0.25, 0.25, 
add, 2001-10-01, 11.3736, 11.3736, 11.3736, 11.3736, 66
grv, 2001-10-01, 0.114948, 0.114948, 0.114948, 0.114948, 
bel, 2001-10-01, 0.691, 0.691, 0.691, 0.691, 2150
lgr, 2001-10-01, 0.555, 0.555, 0.555, 0.555, 
cul, 2001-10-01, 0.240090474, 0.240090474, 0.240090474, 0.240090474, 244
rcp, 2001-10-01, 368.290496655, 368.290496655, 368.290496655, 368.290496655, 4
opl, 2001-10-01, 48916.1770194, 48916.1770194, 48916.1770194, 48916.1770194, 
rdn, 2001-10-01, 233.438625, 233.438625, 233.438625, 233.438625, 1
gcr, 2001-10-01, 1.55235, 1.5327, 1.55235, 1.5327, 1527
val, 2001-10-01, 0.73532154, 0.73532154, 0.73532154, 0.73532154, 
srn, 2001-10-01, 1.615681536, 1.615681536, 1.615681536, 1.615681536, 594
oar, 2001-10-01, 29.5488, 29.5488, 29.5488, 29.5488, 
fgo, 2001-10-01, 205, 205, 205, 205, 
ign, 2001-10-01, 0.840928, 0.821816, 0.840928, 0.821816, 22394
rmi, 2001-10-01, 4.384728432, 4.56742545, 5.48091054, 4.384728432, 821
emp, 2001-10-01, 5.49666, 5.49666, 5.49666, 5.49666, 
icu, 2001-10-01, 2405.533, 2405.533, 2405.533, 2405.533, 
xst, 2001-10-01, 0.32010996, 0.32010996, 0.32010996, 0.32010996, 
pch, 2001-10-01, 48.01356, 48.01356, 48.01356, 48.01356, 59
msi, 2001-10-01, 0.05, 0.05, 0.05, 0.05, 
prm, 2001-10-01, 27.616785048, 26.0535708, 27.616785048, 26.0535708, 200
atm, 2001-10-01, 0.06594, 0.06594, 0.06594, 0.06594, 
mtb, 2001-10-01, 0.546, 0.602, 0.602, 0.532, 37644
oeq, 2001-10-01, 0.09, 0.09, 0.09, 0.09, 
qtg, 2001-10-01, 24.36912904, 24.36912904, 24.36912904, 24.36912904, 
abl, 2001-10-01, 0.29516825, 0.29516825, 0.29516825, 0.29516825, 
cdh, 2001-10-01, 0.05, 0.05, 0.05, 0.05, 
sys, 2001-10-01, 0.167875, 0.167875, 0.167875, 0.167875, 
