csl, 2008-06-27, 35.45, 35.51, 35.6, 34.83, 3897925
cba, 2008-06-27, 39.48562, 40.2813, 40.2813, 38.93859, 14912153
bhp, 2008-06-27, 38.52312, 38.85834, 39.3204, 38.4144, 41394132
wbc, 2008-06-27, 20.3473822, 20.43627853, 20.73259963, 20.17946691, 17906008
nab, 2008-06-27, 25.73199, 26.32353, 26.865775, 25.43622, 29457783
wow, 2008-06-27, 24.12, 25.02, 25.17, 24.02, 10464950
anz, 2008-06-27, 18.11, 18.95, 18.95, 18, 20676754
wes, 2008-06-27, 25.2452717, 25.7248291, 25.86869632, 25.02604546, 6284459
tcl, 2008-06-27, 3.79010412, 4.12508807, 4.12508807, 3.78053315, 10027453
tls, 2008-06-27, 4.34, 4.35, 4.38, 4.31, 83097565
fmg, 2008-06-27, 11.6, 12.13, 12.33, 11.51, 5714309
mqg, 2008-06-27, 45.541254, 47.242536, 47.862078, 45.2364, 4976517
rio, 2008-06-27, 103.990095, 104.139948, 104.66049, 103.406457, 6402149
gmg, 2008-06-27, 14.93989, 14.30415, 14.9853, 14.12251, 3903776
ncm, 2008-06-27, 28.05, 28.89, 29.9, 27.85, 8113343
wpl, 2008-06-27, 66.0986408, 65.99076468, 67.01068436, 64.6276028, 7451159
bxb, 2008-06-27, 8.396112, 8.684604, 8.734344, 8.35632, 25012645
fph, 2008-06-27, 1.835, 1.84, 1.84, 1.835, 1130
all, 2008-06-27, 6.01, 6.4, 6.58, 6.01, 7622693
asx, 2008-06-27, 31.3071, 31.66152, 31.868265, 31.01175, 1155668
rhc, 2008-06-27, 8.93, 8.9, 9.03, 8.71, 638285
amc, 2008-06-27, 4.1163312, 4.31357207, 4.38217759, 4.04772568, 7073940
apa, 2008-06-27, 2.5888761, 2.65599511, 2.67517197, 2.51216866, 932884
shl, 2008-06-27, 14.48, 14.55, 14.57, 14.41, 1872918
iag, 2008-06-27, 3.336935, 3.496311, 3.506272, 3.307052, 10323529
syd, 2008-06-27, 1.978, 2.05712, 2.05712, 1.978, 12291735
coh, 2008-06-27, 43.6, 43.37, 43.68, 42.85, 732335
rea, 2008-06-27, 4.56, 4.48, 4.56, 4.43, 23150
qbe, 2008-06-27, 21.5, 21.93, 21.97, 21.1, 5884701
sun, 2008-06-27, 12.27852128, 12.5310858, 12.83222042, 12.17166706, 6125202
agl, 2008-06-27, 12.86141872, 13.10355984, 13.10355984, 12.58202512, 2749366
nst, 2008-06-27, 0.058027431, 0.045969783, 0.058027431, 0.045969783, 147737
dxs, 2008-06-27, 8.145585, 8.28849, 8.345652, 7.888356, 3479728
mfg, 2008-06-27, 0.55, 0.52, 0.55, 0.5, 221664
sto, 2008-06-27, 17.1675777, 17.46509544, 17.65807992, 17.15149566, 7097516
jhx, 2008-06-27, 4.28, 4.34, 4.38, 4.13, 5218972
evn, 2008-06-27, 0.367305888, 0.367305888, 0.367305888, 0.359653682, 26790
org, 2008-06-27, 13.82169918, 13.71119359, 13.83870004, 13.69419273, 6800718
rmd, 2008-06-27, 1.78, 1.8, 1.82, 1.765, 4449758
mgr, 2008-06-27, 2.7802225, 2.62922, 2.7802225, 2.62922, 7003660
aia, 2008-06-27, 1.479207, 1.48906838, 1.5285139, 1.479207, 1885601
spk, 2008-06-27, 2.2176, 2.23344, 2.26512, 2.18592, 15147140
gpt, 2008-06-27, 7.73095752, 7.56576612, 7.83007236, 7.53272784, 4983788
llc, 2008-06-27, 9.409814, 9.293882, 9.554729, 9.206933, 3189739
cim, 2008-06-27, 49.0885512, 49.74693808, 50.69578976, 48.4108, 1160297
ast, 2008-06-27, 1.008168, 1.0129688, 1.0705784, 1.008168, 3916296
afi, 2008-06-27, 5.01, 5.06, 5.12, 4.96, 317687
tpm, 2008-06-27, 0.1965, 0.186675, 0.1965, 0.186675, 408948
ori, 2008-06-27, 26.69008215, 27.09066628, 27.24903675, 26.38265712, 1879778
sgp, 2008-06-27, 5.05361, 5.091394, 5.176408, 5.034718, 8421349
cpu, 2008-06-27, 9.4, 9.5, 9.69, 9.32, 3140510
tah, 2008-06-27, 4.49351376, 4.57638594, 4.69148619, 4.47970173, 8796547
ccl, 2008-06-27, 6.93, 7.22, 7.28, 6.82, 3846344
cwn, 2008-06-27, 8.9, 9.21, 9.34, 8.82, 1954735
ctx, 2008-06-27, 11.95, 12.5, 12.6, 11.61, 1565490
sek, 2008-06-27, 5.08, 5, 5.21, 4.98, 2350761
osh, 2008-06-27, 6.294624, 6.372576, 6.421296, 6.197184, 7514646
reh, 2008-06-27, 4.125975, 4.125975, 4.125975, 4.0277375, 31974
sar, 2008-06-27, 0.16228421, 0.167057275, 0.167057275, 0.157511145, 660196
arg, 2008-06-27, 7.05, 7.15, 7.15, 7.01, 135033
qan, 2008-06-27, 2.96, 3.01, 3.02, 2.94, 21129515
dmp, 2008-06-27, 3.4971964, 3.4971964, 3.4971964, 3.4971964, 8435
bsl, 2008-06-27, 45.6257872, 45.38136334, 45.74799913, 44.28145597, 2023874
amp, 2008-06-27, 6.5, 6.75, 6.75, 6.41, 17325988
alu, 2008-06-27, 0.535136, 0.535136, 0.57336, 0.535136, 72546
qub, 2008-06-27, 0.60100966, 0.61018538, 0.61477324, 0.60100966, 278230
sol, 2008-06-27, 11.35, 11.45, 11.45, 11.29, 19719
awc, 2008-06-27, 3.83240925, 3.8893665, 3.9219135, 3.75104175, 12673055
wor, 2008-06-27, 35.0921384, 35.8918252, 36.01413024, 35.03568992, 608531
ann, 2008-06-27, 9.4, 9.32, 9.48, 9.26, 625505
jbh, 2008-06-27, 10.629804, 10.758231, 10.817505, 10.382829, 643675
ipl, 2008-06-27, 7.81095, 8.38887, 8.4218295, 7.79289, 11170565
cwy, 2008-06-27, 4.3457589, 4.38714708, 4.4837195, 4.30437072, 2150169
chc, 2008-06-27, 3.9629584, 3.364776, 3.9629584, 3.364776, 444346
hvn, 2008-06-27, 2.9519187, 2.8949685, 2.9993772, 2.8854768, 9979731
ski, 2008-06-27, 1.5760646, 1.345421, 1.590479825, 1.345421, 3476030
stw, 2008-06-27, 48.02, 48.97, 49.19, 47.93, 296396
min, 2008-06-27, 6.36, 6.35, 6.5, 6.2, 252319
bpt, 2008-06-27, 1.29262301, 1.28290404, 1.31206095, 1.27318507, 7408541
bld, 2008-06-27, 5.12305275, 5.1865242, 5.1865242, 5.03237925, 6233937
tne, 2008-06-27, 0.815, 0.815, 0.85, 0.815, 22000
ilu, 2008-06-27, 4.55, 4.71, 4.85, 4.5, 3329708
ivv, 2008-06-27, 138, 134.76, 138, 134.76, 772
ben, 2008-06-27, 10.783444, 11.040428, 11.247992, 10.783444, 932953
alq, 2008-06-27, 4.9351982, 4.899565, 4.93876152, 4.8817484, 152044
ozl, 2008-06-27, 25.6, 25.7, 25.8, 25.1, 3797254
igo, 2008-06-27, 4.936688, 4.9765, 5.07603, 4.807299, 548000
pme, 2008-06-27, 1.2, 1.2, 1.2, 1.2, 892
cgf, 2008-06-27, 1.95, 1.98, 2.01, 1.94, 4656805
brg, 2008-06-27, 1, 1.04, 1.05, 1, 1007246
fbu, 2008-06-27, 4.88704, 4.79159, 4.88704, 4.782045, 1041478
mlt, 2008-06-27, 3.75, 3.88, 3.88, 3.75, 95485
rrl, 2008-06-27, 0.213705, 0.208956, 0.213705, 0.208956, 221731
pmv, 2008-06-27, 7.7, 7.7, 7.7, 7.7, 399
mts, 2008-06-27, 3.67, 3.7, 3.75, 3.61, 10469822
dow, 2008-06-27, 6.3323952, 6.35061792, 6.35061792, 6.07727712, 1097153
goz, 2008-06-27, 3.30749008, 3.30749008, 3.4047692, 3.21021096, 101375
bwp, 2008-06-27, 1.7076186, 1.67915829, 1.73607891, 1.67915829, 767479
ptm, 2008-06-27, 3.25, 3.25, 3.33, 3.2, 1018554
nhf, 2008-06-27, 0.61, 0.615, 0.615, 0.61, 78949
boq, 2008-06-27, 12.646719, 12.835476, 12.9298545, 12.5712162, 854287
nan, 2008-06-27, 0.18, 0.195, 0.23, 0.17, 1794504
hta, 2008-06-27, 0.099, 0.1, 0.105, 0.098, 2016871
flt, 2008-06-27, 16.9, 17.22, 17.22, 16.35, 218200
msb, 2008-06-27, 0.9306, 0.891, 0.9306, 0.891, 33283
bkw, 2008-06-27, 11.48, 11.78, 11.99, 11.4, 5750
sbm, 2008-06-27, 2.0507805, 2.02343676, 2.10546798, 1.96874928, 1342186
cmw, 2008-06-27, 0.78446921, 0.7943992, 0.82418917, 0.759644235, 1843999
nuf, 2008-06-27, 15.02845344, 15.2761752, 15.34957424, 15.01927856, 767309
ire, 2008-06-27, 6.14502, 6.252314, 6.252314, 6.057234, 718245
pdl, 2008-06-27, 2.955238, 3.058568, 3.068901, 2.955238, 208835
whc, 2008-06-27, 4.27, 4.52, 4.68, 4.2, 182195
slr, 2008-06-27, 0.31, 0.315, 0.315, 0.305, 362874
ioo, 2008-06-27, 36.425, 36.725, 36.725, 36.39, 7216
csr, 2008-06-27, 6.7255128, 6.75353577, 6.89365062, 6.61342092, 3854679
cqr, 2008-06-27, 4.7, 4.85, 4.85, 4.675, 2113617
pnv, 2008-06-27, 0.041, 0.041, 0.042, 0.041, 1134576
abc, 2008-06-27, 3.71, 3.68, 3.74, 3.56, 1930070
mff, 2008-06-27, 0.5655195, 0.5558525, 0.5655195, 0.541352, 1252691
abp, 2008-06-27, 5.5019316, 5.479006885, 5.570705745, 5.27268445, 1704870
skc, 2008-06-27, 2.37264, 2.392412, 2.412184, 2.362754, 599277
hls, 2008-06-27, 5.316048, 5.142384, 5.470416, 5.055552, 2469628
ivc, 2008-06-27, 5.97, 6.29, 6.51, 5.92, 523078
eld, 2008-06-27, 94.550019475, 93.738431325, 98.607960225, 91.303666875, 147159
ifl, 2008-06-27, 5.16, 5.23, 5.29, 5.05, 167124
gor, 2008-06-27, 0.09371568, 0.09371568, 0.10933496, 0.09371568, 39846
ppt, 2008-06-27, 40.2, 44.04, 44.04, 39.51, 150971
wam, 2008-06-27, 1.148612, 1.11941, 1.148612, 1.11941, 43056
sul, 2008-06-27, 2.290518, 2.365926, 2.365926, 2.281092, 70106
bkl, 2008-06-27, 16.3, 16.4, 16.5, 16.27, 3730
aiz, 2008-06-27, 0.895, 0.9, 0.9, 0.86, 102533
arb, 2008-06-27, 3.68, 3.57, 3.75, 3.57, 14584
sgm, 2008-06-27, 40.04, 40.5, 41.1, 40, 675437
pru, 2008-06-27, 1.15401078, 1.13921577, 1.15401078, 1.0849674, 543220
lyc, 2008-06-27, 10.5, 10.2, 10.5, 10.05, 272590
evt, 2008-06-27, 4.740888, 4.740888, 4.740888, 4.740888, 1096
isx, 2008-06-27, 0.09167, 0.09167, 0.100837, 0.09167, 669167
cda, 2008-06-27, 0.615, 0.615, 0.62, 0.615, 17000
eml, 2008-06-27, 0.313993005, 0.282196245, 0.313993005, 0.27822165, 38286
ina, 2008-06-27, 2.45856519, 2.28900897, 2.45856519, 2.28900897, 364154
rms, 2008-06-27, 0.707302, 0.79696, 0.79696, 0.692359, 471273
rsg, 2008-06-27, 1.74700128, 1.7845712, 1.90667344, 1.74700128, 284884
nhc, 2008-06-27, 5.29, 5.4, 5.4, 5.2, 163249
cuv, 2008-06-27, 3.2, 3.3, 3.3, 3.1, 37164
web, 2008-06-27, 0.88520651, 0.88520651, 0.89217664, 0.88520651, 19924
jhg, 2008-06-27, 22.6, 21.9, 22.6, 21.6, 660954
asb, 2008-06-27, 2.85, 2.41, 2.85, 2.41, 245116
mnd, 2008-06-27, 13.5, 13.11, 13.68, 13, 322787
wlf, 2008-06-27, 148.82856975, 167.2549641, 167.2549641, 147.4111548, 385
obl, 2008-06-27, 0.699492, 0.699492, 0.699492, 0.694566, 25377
bki, 2008-06-27, 1.22055114, 1.20070478, 1.22055114, 1.20070478, 237535
aui, 2008-06-27, 7.76886, 7.76886, 7.76886, 7.76886, 4221
zim, 2008-06-27, 13, 13.1, 13.1, 12.9, 23140
aub, 2008-06-27, 4.156112, 4.156112, 4.156112, 4.156112, 2431
ccp, 2008-06-27, 0.7, 0.75, 0.75, 0.695, 270840
ssm, 2008-06-27, 0.837287, 0.8413515, 0.89419, 0.837287, 367994
dui, 2008-06-27, 3.30548, 3.286036, 3.324924, 3.286036, 32216
gnc, 2008-06-27, 3.07788832, 3.10780704, 3.178864, 2.99561184, 833504
lep, 2008-06-27, 2.548854, 2.523108, 2.548854, 2.497362, 65746
lic, 2008-06-27, 0.9375, 0.9375, 0.9375, 0.9375, 93
tgr, 2008-06-27, 2.51, 2.46, 2.59, 2.39, 1548360
gud, 2008-06-27, 7.84, 7.55, 8, 7.55, 218729
cqe, 2008-06-27, 0.64208892, 0.67127478, 0.73937512, 0.6323603, 178352
shv, 2008-06-27, 4.95619083, 5.24507627, 5.24507627, 4.95619083, 19139
opt, 2008-06-27, 0.850338, 0.860112, 0.87966, 0.850338, 41283
sfr, 2008-06-27, 0.26424384, 0.26424384, 0.30199296, 0.2595252, 313979
vah, 2008-06-27, 0.415474, 0.40716452, 0.415474, 0.39885504, 939007
myx, 2008-06-27, 0.24212067, 0.27880562, 0.27880562, 0.21277271, 110010
jin, 2008-06-27, 0.21, 0.22, 0.23, 0.21, 35500
agg, 2008-06-27, 6.51, 6.6, 6.6, 6.51, 9062
gem, 2008-06-27, 0.155, 0.17, 0.17, 0.155, 112000
cni, 2008-06-27, 0.89858976, 0.8790552, 0.9278916, 0.8790552, 15938
mgx, 2008-06-27, 3.9875, 4.1, 4.1625, 3.9625, 5834782
pni, 2008-06-27, 1.4, 1.42, 1.42, 1.4, 6401
gwa, 2008-06-27, 2.923074, 2.85714, 2.945052, 2.769228, 437348
nea, 2008-06-27, 0.07, 0.076, 0.077, 0.07, 775062
prn, 2008-06-27, 2.45838138, 2.36346318, 2.45838138, 2.36346318, 510773
dtl, 2008-06-27, 0.577, 0.57, 0.578, 0.57, 50270
ocl, 2008-06-27, 0.365, 0.365, 0.365, 0.365, 20000
nwh, 2008-06-27, 1.99, 2.05, 2.11, 1.99, 956558
era, 2008-06-27, 10.61935392, 10.7251627, 11.061827, 10.46545024, 2206142
iem, 2008-06-27, 48.3285, 47.06196, 48.3285, 46.668666, 3264
eos, 2008-06-27, 0.33, 0.31, 0.33, 0.31, 48801
sig, 2008-06-27, 0.979098, 1.017494, 1.0414915, 0.979098, 4080973
aac, 2008-06-27, 2.58555, 2.594952, 2.670168, 2.547942, 562904
maq, 2008-06-27, 0.75, 0.75, 0.75, 0.75, 1700
ax1, 2008-06-27, 0.22, 0.24, 0.24, 0.22, 27857
aef, 2008-06-27, 0.34, 0.34, 0.34, 0.34, 30000
coe, 2008-06-27, 0.3757293, 0.40077792, 0.40912746, 0.3757293, 2439108
wsa, 2008-06-27, 9.44, 9.85, 9.88, 9.35, 914194
ifm, 2008-06-27, 0.37, 0.385, 0.39, 0.365, 299851
cin, 2008-06-27, 17, 16.71, 17, 16.2, 6408
djw, 2008-06-27, 4.45, 4.4, 4.45, 4.3, 44916
mms, 2008-06-27, 2.65, 2.53, 2.65, 2.51, 72200
sfy, 2008-06-27, 48.39, 49.02, 51.26, 48.37, 27410
api, 2008-06-27, 0.69601, 0.67039, 0.69601, 0.6405, 754752
ifn, 2008-06-27, 1.51838, 1.528176, 1.56736, 1.51838, 3824381
ore, 2008-06-27, 0.36167703, 0.38949834, 0.39877211, 0.35240326, 565040
red, 2008-06-27, 0.77, 0.76, 0.8, 0.76, 104060
ieu, 2008-06-27, 50.77, 50.77, 50.77, 50.77, 8
mah, 2008-06-27, 1.566054, 1.566054, 1.653057, 1.5612205, 3001013
mvp, 2008-06-27, 0.32, 0.34, 0.34, 0.32, 60000
eqt, 2008-06-27, 17.122015, 17.882, 17.882, 17.122015, 2412
alk, 2008-06-27, 0.410895235, 0.44554905, 0.44554905, 0.40594469, 184908
slf, 2008-06-27, 13, 12.97, 13, 12.8, 39163
mnf, 2008-06-27, 0.145, 0.14, 0.145, 0.14, 71228
nck, 2008-06-27, 0.575, 0.575, 0.575, 0.575, 5000
deg, 2008-06-27, 11.03244597, 11.505265083, 11.505265083, 10.244414115, 10597
ccx, 2008-06-27, 0.85, 0.84, 0.885, 0.8, 617776
whf, 2008-06-27, 3.25, 3.12, 3.25, 3.06, 146624
sxl, 2008-06-27, 2.23348914, 2.20350942, 2.27096379, 2.15104491, 873044
bgl, 2008-06-27, 0.176118744, 0.176118744, 0.176118744, 0.176118744, 681
imd, 2008-06-27, 1.65, 1.64, 1.66, 1.6, 938585
fxl, 2008-06-27, 0.40094229, 0.39128103, 0.40577292, 0.39128103, 761120
tbr, 2008-06-27, 1.1, 1.1, 1.1, 1.1, 3000
pmc, 2008-06-27, 1.19318196, 1.18340178, 1.20296214, 1.17851169, 391813
fgx, 2008-06-27, 414.5306, 394.8846, 418.4598, 394.8846, 8006
spl, 2008-06-27, 0.28, 0.28, 0.285, 0.27, 174280
ehl, 2008-06-27, 10.731465795, 10.923958455, 11.5495596, 10.731465795, 532249
vrl, 2008-06-27, 2.005182, 2.153714, 2.1722805, 1.95876575, 52535
cwp, 2008-06-27, 2.55, 2.56, 2.56, 2.55, 788
mir, 2008-06-27, 1.93, 1.89, 1.935, 1.885, 87025
clv, 2008-06-27, 0.135, 0.135, 0.135, 0.125, 29500
ppc, 2008-06-27, 1.964515, 1.935766, 2.002847, 1.935766, 117369
ive, 2008-06-27, 72.02, 72.78, 72.78, 71.98, 4013
leg, 2008-06-27, 0.031, 0.031, 0.031, 0.03, 1658522
ama, 2008-06-27, 0.3317505, 0.346605, 0.346605, 0.3317505, 65637
bfg, 2008-06-27, 0.87435, 0.89378, 0.89378, 0.87435, 113226
cvn, 2008-06-27, 0.593453, 0.543583, 0.593453, 0.543583, 4008668
ht1, 2008-06-27, 15.74484548, 15.09298882, 15.99555958, 15.09298882, 203862
pet, 2008-06-27, 0.144275, 0.144275, 0.144275, 0.144275, 6884
rhp, 2008-06-27, 13.1345088, 13.7055744, 13.7055744, 13.1345088, 854
kar, 2008-06-27, 4.275675, 4.13775, 4.275675, 4.06419, 382380
gxy, 2008-06-27, 0.9918675, 1.0173, 1.0173, 0.9918675, 94367
ppk, 2008-06-27, 0.7, 0.7, 0.7, 0.7, 7936
ano, 2008-06-27, 0.74499816, 0.74499816, 0.74499816, 0.74499816, 1074
sxy, 2008-06-27, 0.264405075, 0.26921244, 0.26921244, 0.25959771, 587654
zno, 2008-06-27, 30.5, 30, 30.5, 30, 589
mcp, 2008-06-27, 2.6545617, 2.6545617, 2.68405683, 2.64472999, 24451
ijp, 2008-06-27, 52, 51.8, 52, 51.8, 263
stx, 2008-06-27, 0.3329928, 0.3329928, 0.3329928, 0.32347872, 333504
grr, 2008-06-27, 1.223262, 1.253466, 1.253466, 1.223262, 345117
pia, 2008-06-27, 0.8312425, 0.826265, 0.8312425, 0.81631, 1012049
ami, 2008-06-27, 0.8955, 0.8955, 0.94525, 0.8955, 16482
twr, 2008-06-27, 1.473164, 1.487513, 1.535343, 1.473164, 152640
spx, 2008-06-27, 0.086664, 0.086664, 0.093886, 0.086664, 177929
omh, 2008-06-27, 2.73, 2.64, 2.79, 2.64, 709376
emr, 2008-06-27, 1.9534, 2.197575, 2.197575, 1.9534, 51669
wax, 2008-06-27, 0.71, 0.71, 0.715, 0.71, 265999
amh, 2008-06-27, 0.685, 0.67, 0.685, 0.67, 180332
dub, 2008-06-27, 6.40032, 6.93368, 6.93368, 6.40032, 1799
cyl, 2008-06-27, 0.125, 0.125, 0.125, 0.125, 17000
pac, 2008-06-27, 9.26, 9.27, 9.27, 9.25, 15994
tgg, 2008-06-27, 0.87833655, 0.91694475, 0.91694475, 0.87833655, 253868
ric, 2008-06-27, 1.25, 1.16, 1.25, 1.16, 132631
mcr, 2008-06-27, 3.26, 3.35, 3.5, 3.26, 1560998
pdn, 2008-06-27, 5.27873, 5.770815, 5.806603, 5.242942, 7889939
srv, 2008-06-27, 3.79549863, 3.76607616, 3.8249211, 3.76607616, 510469
pyc, 2008-06-27, 0.0654109, 0.0654109, 0.0654109, 0.0654109, 243002
cdp, 2008-06-27, 3.75, 3.75, 3.75, 3.75, 1673
rul, 2008-06-27, 1.11, 1.06, 1.11, 1.06, 13150
inr, 2008-06-27, 0.060917192, 0.06837644, 0.06837644, 0.060917192, 104568
lvt, 2008-06-27, 0.65, 0.65, 0.65, 0.5, 79700
ngi, 2008-06-27, 4.72, 4.64, 4.8, 4.64, 191182
wpp, 2008-06-27, 1.251417, 1.215405, 1.2649215, 1.215405, 471403
tgp, 2008-06-27, 0.727851, 0.727851, 0.727851, 0.69145845, 121912
ogc, 2008-06-27, 0.94, 0.885, 0.94, 0.855, 725322
aba, 2008-06-27, 9.540132, 9.59982, 9.59982, 9.540132, 2352
ksc, 2008-06-27, 2.94, 2.9498, 3.038, 2.94, 49173
ltr, 2008-06-27, 0.05658471, 0.0559629, 0.05658471, 0.0559629, 119329
trs, 2008-06-27, 9.539148, 9.102018, 9.578004, 9.102018, 74560
lyl, 2008-06-27, 4.6, 4.8, 4.8, 4.58, 10000
hlo, 2008-06-27, 8.95968, 8.67969, 8.95968, 8.651691, 9679
pnr, 2008-06-27, 0.1498385, 0.154672, 0.154672, 0.145005, 331803
fri, 2008-06-27, 0.615, 0.615, 0.615, 0.615, 24500
alf, 2008-06-27, 0.758602, 0.763256, 0.763256, 0.753948, 48555
mau, 2008-06-27, 0.057, 0.05, 0.057, 0.046, 585926
cvw, 2008-06-27, 0.5146137, 0.519050025, 0.52348635, 0.5146137, 509406
flc, 2008-06-27, 120, 115, 127, 110, 1405
neu, 2008-06-27, 1.486332, 1.35945, 1.486332, 1.35945, 9324
rfg, 2008-06-27, 1.14, 1.24, 1.24, 1.14, 34014
apd, 2008-06-27, 0.57275, 0.5925, 0.5925, 0.57275, 44557
clh, 2008-06-27, 0.49, 0.485, 0.49, 0.48, 89784
sdg, 2008-06-27, 2.33, 2.24, 2.37, 2.24, 813454
ima, 2008-06-27, 0.7207816, 0.79285976, 0.79285976, 0.71177183, 159205
avj, 2008-06-27, 0.599081, 0.599081, 0.599081, 0.58926, 164180
agi, 2008-06-27, 0.085, 0.086, 0.086, 0.085, 232244
mml, 2008-06-27, 1.09092, 1.100011, 1.100011, 1.09092, 2155
ezl, 2008-06-27, 1.765, 1.925, 1.925, 1.76, 74100
ijr, 2008-06-27, 32.005, 32.005, 32.005, 32.005, 8
vtg, 2008-06-27, 0.235, 0.23, 0.25, 0.215, 342851
avz, 2008-06-27, 0.1009827, 0.1009827, 0.1009827, 0.1009827, 154482
sfc, 2008-06-27, 7.59, 7.59, 7.59, 7.59, 1100
ggg, 2008-06-27, 0.644518, 0.62998, 0.644518, 0.615442, 113658
pbp, 2008-06-27, 1.3, 1.3, 1.3, 1.3, 14000
oku, 2008-06-27, 1.5914685, 1.5914685, 1.5914685, 1.5914685, 418
so4, 2008-06-27, 13.435471875, 13.9999875, 13.9999875, 12.41934375, 6670
far, 2008-06-27, 0.0876568, 0.0986139, 0.09961, 0.0856646, 2026923
fwd, 2008-06-27, 8.63122, 8.446958, 9.193704, 8.446958, 65476
slm, 2008-06-27, 2.994185, 2.84693, 3.053087, 2.84693, 1976875
cvc, 2008-06-27, 0.96, 0.99, 1, 0.94, 122543
egn, 2008-06-27, 6.50863338, 6.50863338, 6.50863338, 6.34315965, 6790
ppg, 2008-06-27, 0.336367, 0.36364, 0.36364, 0.336367, 26175
imu, 2008-06-27, 0.06937112, 0.06937112, 0.071353152, 0.068380104, 337045
pps, 2008-06-27, 0.2907336, 0.31980696, 0.31980696, 0.2907336, 374684
swm, 2008-06-27, 7.3357407, 7.67988656, 7.67988656, 7.23611953, 575791
bye, 2008-06-27, 3.18848, 3.327976, 3.327976, 3.068912, 6990
ewc, 2008-06-27, 1.13, 1.14, 1.14, 1.1, 2424416
cdd, 2008-06-27, 1.01734419, 1.1138805, 1.1138805, 1.01239361, 374906
ajm, 2008-06-27, 0.34111116, 0.36335754, 0.36335754, 0.34111116, 115408
rex, 2008-06-27, 1.05, 1.05, 1.06, 1.045, 191625
dnk, 2008-06-27, 0.26302304, 0.2947672, 0.2947672, 0.25848816, 630244
bcn, 2008-06-27, 0.0280632, 0.0280632, 0.0293388, 0.0267876, 464487
rnd, 2008-06-27, 0.37332, 0.37332, 0.37332, 0.37332, 2679
bsa, 2008-06-27, 0.271933, 0.271933, 0.2766215, 0.2672445, 118507
sfg, 2008-06-27, 0.31815175, 0.295426625, 0.31815175, 0.295426625, 82838
jrv, 2008-06-27, 1.321441576, 1.372266252, 1.372266252, 1.2706169, 163825
avg, 2008-06-27, 1.204175, 1.22875, 1.22875, 1.19926, 185050
bdc, 2008-06-27, 0.207380185, 0.22184857, 0.22184857, 0.207380185, 140997
ccv, 2008-06-27, 0.232885, 0.222975, 0.23784, 0.222975, 436351
wgo, 2008-06-27, 1.8278922, 1.8278922, 1.98021655, 1.8278922, 25603
m7t, 2008-06-27, 41.5, 42, 44, 41.5, 103
egg, 2008-06-27, 46.810764, 46.64709, 46.810764, 46.64709, 228
ijh, 2008-06-27, 86.31, 86.31, 86.31, 86.31, 5
fsa, 2008-06-27, 0.18, 0.175, 0.195, 0.175, 59758
cyc, 2008-06-27, 0.79045682, 0.79045682, 0.79045682, 0.79045682, 645
wja, 2008-06-27, 0.78570494, 0.78570494, 0.78570494, 0.78570494, 39853
sxe, 2008-06-27, 1.23, 1.22, 1.23, 1.21, 57698
pcg, 2008-06-27, 10.2, 10.6, 10.6, 10.2, 11743
lau, 2008-06-27, 0.18, 0.18, 0.18, 0.18, 155400
apz, 2008-06-27, 9.8965206, 9.8965206, 10.016236575, 9.617183325, 46513
blk, 2008-06-27, 0.2587134, 0.2469537, 0.26459325, 0.2469537, 215142
boc, 2008-06-27, 1.24, 1.355, 1.36, 1.2, 26966
sdv, 2008-06-27, 4.27478, 4.27478, 4.46064, 4.27478, 16922
izz, 2008-06-27, 45.572109, 45.912075, 45.96207, 45.572109, 1251
axe, 2008-06-27, 0.14, 0.14, 0.14, 0.14, 115796
sky, 2008-06-27, 0.136, 0.1445, 0.1445, 0.136, 150371
agd, 2008-06-27, 0.154383075, 0.1497048, 0.154383075, 0.1497048, 13573
gll, 2008-06-27, 0.27303843, 0.28229397, 0.29617728, 0.27303843, 41868
rct, 2008-06-27, 2.3, 2.3, 2.3, 2.3, 2878
van, 2008-06-27, 2.5845885, 2.488863, 2.5845885, 2.488863, 6712
mrc, 2008-06-27, 0.149625, 0.149625, 0.149625, 0.149625, 35088
dws, 2008-06-27, 0.985, 1, 1.05, 0.985, 376063
srg, 2008-06-27, 0.96, 0.95, 0.96, 0.95, 15000
ans, 2008-06-27, 0.008, 0.008, 0.009, 0.008, 3870000
sgh, 2008-06-27, 110.5479375, 110.5479375, 110.5479375, 110.5479375, 24
cmp, 2008-06-27, 0.14, 0.14, 0.14, 0.14, 7100
a4n, 2008-06-27, 0.05963364, 0.06294662, 0.06294662, 0.05300768, 226382
pan, 2008-06-27, 3.7856383, 3.74915022, 3.85861446, 3.71266214, 1555210
sdi, 2008-06-27, 0.21, 0.225, 0.23, 0.21, 104762
pll, 2008-06-27, 0.083, 0.083, 0.083, 0.082, 612740
kcn, 2008-06-27, 4.701892, 4.90177, 4.920806, 4.682856, 343242
fms, 2008-06-27, 0.2065415, 0.21592975, 0.21592975, 0.201847375, 10680669
svl, 2008-06-27, 2.8259969, 2.967296745, 2.967296745, 2.8259969, 12799
cii, 2008-06-27, 1.34, 1.35, 1.5, 1.33, 460478
top, 2008-06-27, 0.54457983, 0.54457983, 0.54457983, 0.54457983, 3636
nmt, 2008-06-27, 0.9441, 0.9441, 0.953541, 0.925218, 224297
mlx, 2008-06-27, 1.44121901, 1.60967318, 1.60967318, 1.44121901, 99532
som, 2008-06-27, 0.561796488, 0.544772352, 0.578820624, 0.544772352, 150050
pos, 2008-06-27, 0.733976, 0.941404, 1.057085, 0.710042, 13349406
cam, 2008-06-27, 0.626383625, 0.62996296, 0.633542295, 0.626383625, 162872
aru, 2008-06-27, 0.71170674, 0.7288563, 0.75029325, 0.71170674, 345609
cel, 2008-06-27, 0.405, 0.405, 0.405, 0.405, 20000
csd, 2008-06-27, 0.1021002, 0.1021002, 0.1021002, 0.1021002, 29383
a2b, 2008-06-27, 8.15, 8.32, 8.47, 8.03, 368840
moc, 2008-06-27, 0.775, 0.8, 0.815, 0.775, 376516
tzn, 2008-06-27, 2.83011705, 2.8216182, 2.83011705, 2.7706251, 55392
bky, 2008-06-27, 0.78723923, 0.80620885, 0.80620885, 0.7587848, 118688
wat, 2008-06-27, 0.61, 0.61, 0.61, 0.61, 7075
qpr, 2008-06-27, 584.693235, 593.97408, 603.254925, 575.41239, 295
adn, 2008-06-27, 0.10475835, 0.108250295, 0.11174224, 0.10475835, 462480
ang, 2008-06-27, 1.53876485, 1.54627102, 1.5762957, 1.51624634, 78828
wlc, 2008-06-27, 1.8, 1.86, 1.86, 1.8, 26303
iko, 2008-06-27, 54.48, 54.48, 54.48, 54.48, 163
ara, 2008-06-27, 0.39, 0.38, 0.39, 0.38, 40000
has, 2008-06-27, 0.14334, 0.14334, 0.14334, 0.14334, 10465
myl, 2008-06-27, 0.052259373, 0.052259373, 0.052259373, 0.051629742, 266963
moz, 2008-06-27, 1.85288, 1.857756, 1.911392, 1.80412, 27379
afa, 2008-06-27, 0.10814256, 0.09913068, 0.10814256, 0.09913068, 22193
nsc, 2008-06-27, 1.18, 1.2, 1.2, 1.165, 274664
eol, 2008-06-27, 0.1, 0.1, 0.1, 0.1, 12000
iod, 2008-06-27, 1.360928746, 1.324146888, 1.360928746, 1.324146888, 3534
hzn, 2008-06-27, 0.3798025, 0.3946, 0.3946, 0.37487, 402664
imm, 2008-06-27, 0.092667542, 0.08424322, 0.092667542, 0.08424322, 422277
twd, 2008-06-27, 2.126856, 2.126856, 2.126856, 2.126856, 17243
st1, 2008-06-27, 23.7451816, 26.2446744, 26.2446744, 23.1203084, 7074
elx, 2008-06-27, 0.314157, 0.32499, 0.3304065, 0.314157, 165420
mrm, 2008-06-27, 1.309279325, 1.3314705, 1.34922344, 1.309279325, 2497528
aut, 2008-06-27, 0.199213965, 0.199213965, 0.22888413, 0.199213965, 119851
rht, 2008-06-27, 0.0088983, 0.0088983, 0.009887, 0.0088983, 395494
osl, 2008-06-27, 0.081014004, 0.081014004, 0.081014004, 0.081014004, 17034
krr, 2008-06-27, 0.20081484, 0.19208376, 0.20081484, 0.18116991, 235939
aar, 2008-06-27, 0.42, 0.45, 0.45, 0.41, 450780
wec, 2008-06-27, 3.2641335, 3.3404875, 3.359576, 3.25458925, 204319
tng, 2008-06-27, 0.071304678, 0.074583054, 0.08605737, 0.071304678, 454823
gpr, 2008-06-27, 7.533012102, 7.533012102, 7.761285196, 7.533012102, 1051
cog, 2008-06-27, 0.224308665, 0.24923185, 0.24923185, 0.224308665, 116644
rkn, 2008-06-27, 1.13448, 1.153388, 1.153388, 1.13448, 28760
coi, 2008-06-27, 0.12382216, 0.15919992, 0.15919992, 0.12382216, 296055
rdf, 2008-06-27, 2.1481241, 1.98001004, 2.27887948, 1.9613307, 2288219
ctm, 2008-06-27, 5.014239444, 5.478520874, 5.478520874, 4.921383158, 18687
bit, 2008-06-27, 0.101595125, 0.09753132, 0.117850345, 0.09753132, 560804
oec, 2008-06-27, 1.15, 1.25, 1.25, 1.15, 19513
css, 2008-06-27, 20.590944, 20.34186, 20.590944, 19.594608, 4944
fgr, 2008-06-27, 5.320728, 4.858056, 5.320728, 4.858056, 2252
pgc, 2008-06-27, 0.236750225, 0.208340198, 0.236750225, 0.208340198, 5280
amn, 2008-06-27, 1.92250682, 1.70067911, 1.92250682, 1.70067911, 3246
slx, 2008-06-27, 7.26, 7.9, 7.92, 7.26, 153022
cai, 2008-06-27, 11.96087806, 11.96087806, 11.96087806, 11.96087806, 1973
clf, 2008-06-27, 1.67, 1.65, 1.67, 1.65, 17593
bci, 2008-06-27, 1.241054145, 1.318351635, 1.33123455, 1.232465535, 300121
tdl, 2008-06-27, 1.107155, 1.211092, 1.22013, 1.08456, 385667
jan, 2008-06-27, 31.85424565, 31.85424565, 38.22509478, 31.85424565, 141
ede, 2008-06-27, 0.2933619, 0.2933619, 0.2933619, 0.26402571, 193226
tek, 2008-06-27, 281.835709, 274.789816275, 281.835709, 267.74392355, 306
epd, 2008-06-27, 0.13, 0.135, 0.135, 0.13, 37989
dyl, 2008-06-27, 4.788671, 5.17176468, 5.17176468, 4.59712416, 79303
ntm, 2008-06-27, 0.07229, 0.0759045, 0.0759045, 0.07229, 86261
ttm, 2008-06-27, 2008.076, 2094.631, 2111.942, 1973.454, 55
grb, 2008-06-27, 0.024243, 0.02303085, 0.024243, 0.02303085, 237636
cgs, 2008-06-27, 0.1077274, 0.1273142, 0.1273142, 0.1077274, 178607
eeg, 2008-06-27, 2.15163, 2.032095, 2.15163, 2.032095, 16807
ajl, 2008-06-27, 4.1926642, 4.17891776, 4.1926642, 4.01396048, 107820
hit, 2008-06-27, 0.038, 0.038, 0.038, 0.038, 8000
cue, 2008-06-27, 0.227608, 0.227608, 0.227608, 0.22266, 269654
sta, 2008-06-27, 1.17343512, 1.17343512, 1.22677308, 1.17343512, 33054
bly, 2008-06-27, 4479.25275, 4359.80601, 4479.25275, 4300.08264, 5412
ctp, 2008-06-27, 1.0994427, 1.0994427, 1.0994427, 1.0587226, 551419
ac8, 2008-06-27, 1.69722, 1.848084, 1.848084, 1.69722, 2822
try, 2008-06-27, 1.93202455, 1.94144906, 1.94144906, 1.89432651, 46514
ozg, 2008-06-27, 0.19, 0.2, 0.2, 0.18, 730000
tam, 2008-06-27, 0.585837629, 0.593862802, 0.601887975, 0.569787283, 276922
apw, 2008-06-27, 2.13079946, 2.13079946, 2.214909965, 2.046688955, 77851
caa, 2008-06-27, 1.41895047, 1.28381233, 1.41895047, 1.28381233, 11885
cyg, 2008-06-27, 1.716384, 1.716384, 1.716384, 1.698505, 53999
qhl, 2008-06-27, 0.33607044, 0.33607044, 0.34540573, 0.33607044, 151483
sdl, 2008-06-27, 0.35, 0.345, 0.36, 0.34, 17744450
lck, 2008-06-27, 1.25492959, 1.31905008, 1.31905008, 1.23660945, 103075
lrk, 2008-06-27, 7.51325625, 6.62934375, 7.51325625, 6.62934375, 102
agy, 2008-06-27, 0.09047775, 0.07600131, 0.09047775, 0.07600131, 281837
acf, 2008-06-27, 280, 300, 300, 280, 35
lko, 2008-06-27, 0.0068726, 0.0068726, 0.0078544, 0.0058908, 13916295
mem, 2008-06-27, 1.02241068, 1.02241068, 1.02241068, 0.93720979, 8144
nva, 2008-06-27, 0.12675, 0.12675, 0.12675, 0.12675, 68718
aml, 2008-06-27, 0.115, 0.12, 0.12, 0.115, 278058
ptl, 2008-06-27, 4.8997941, 4.7858454, 4.8997941, 4.7858454, 5238
dcg, 2008-06-27, 0.21769, 0.2325325, 0.2325325, 0.2028475, 228490
glb, 2008-06-27, 0.54, 0.54, 0.55, 0.54, 8905
dxb, 2008-06-27, 1.511099016, 1.637023934, 1.637023934, 1.385174098, 8338
svm, 2008-06-27, 0.24307175, 0.24307175, 0.24307175, 0.24307175, 162662
sen, 2008-06-27, 0.0253346, 0.0246679, 0.0260013, 0.0233345, 1873423
wkt, 2008-06-27, 7.9511751, 7.9511751, 7.9511751, 7.9511751, 1245
kgl, 2008-06-27, 1.1862174, 1.10713624, 1.1862174, 1.06759566, 11887
fml, 2008-06-27, 2.15, 2.15, 2.25, 2.05, 50658
hil, 2008-06-27, 3.24, 3.26, 3.3, 3.22, 407235
orn, 2008-06-27, 6.03072, 6.78456, 6.97302, 6.03072, 3914
haw, 2008-06-27, 0.68, 0.74, 0.76, 0.68, 162201
rey, 2008-06-27, 1.5, 1.6, 1.6, 1.5, 32203
smn, 2008-06-27, 0.431235, 0.402486, 0.431235, 0.402486, 16812
moy, 2008-06-27, 1.12350059, 1.083847628, 1.136718244, 1.083847628, 10393
hct, 2008-06-27, 0.213884, 0.213884, 0.233328, 0.213884, 112297
ahz, 2008-06-27, 44.242243748, 44.242243748, 44.242243748, 44.242243748, 1
pnw, 2008-06-27, 0.35, 0.35, 0.35, 0.35, 1350
meu, 2008-06-27, 0.0848882, 0.085842, 0.085842, 0.0848882, 44768
zld, 2008-06-27, 1.779206325, 1.73358565, 1.779206325, 1.73358565, 16878
bis, 2008-06-27, 12, 11.875, 12.5, 11.625, 19189
tga, 2008-06-27, 0.58795128, 0.59728384, 0.6066164, 0.58795128, 113369
kme, 2008-06-27, 0.21142, 0.21142, 0.21142, 0.21142, 19829
hrz, 2008-06-27, 0.378476, 0.378476, 0.378476, 0.378476, 33820
fsi, 2008-06-27, 1.4, 1.415, 1.415, 1.4, 18503
brv, 2008-06-27, 0.666583, 0.736226, 0.736226, 0.6616085, 254860
nam, 2008-06-27, 0.32, 0.32, 0.33, 0.29, 140000
jat, 2008-06-27, 0.317979815, 0.303016059, 0.317979815, 0.291793242, 30065
mns, 2008-06-27, 0.453087, 0.448416, 0.453087, 0.425061, 147406
qtm, 2008-06-27, 0.047, 0.047, 0.047, 0.047, 25000
kov, 2008-06-27, 5.1, 5, 5.1, 5, 8800
waa, 2008-06-27, 0.84124758, 0.84124758, 0.84124758, 0.84124758, 8252
hrl, 2008-06-27, 1.3331455, 1.38647132, 1.38647132, 1.3331455, 18753
clx, 2008-06-27, 0.578634, 0.578634, 0.578634, 0.578634, 11375
ipd, 2008-06-27, 0.66259221, 0.66259221, 0.66259221, 0.66259221, 3328
rft, 2008-06-27, 0.005, 0.005, 0.005, 0.005, 105000
vmt, 2008-06-27, 1.2, 1.1, 1.2, 1.1, 34700
sas, 2008-06-27, 0.089689995, 0.08579043, 0.089689995, 0.081890865, 1420784
akm, 2008-06-27, 0.601689282, 0.594692895, 0.601689282, 0.594692895, 31210
bmn, 2008-06-27, 2.3, 2.5, 2.58, 2.26, 759154
dgr, 2008-06-27, 0.11889542, 0.131634215, 0.131634215, 0.11889542, 759491
swk, 2008-06-27, 1.192092, 1.251204, 1.270908, 1.187166, 217591
pen, 2008-06-27, 1.22636848, 1.341340525, 1.341340525, 1.22636848, 98399
gap, 2008-06-27, 0.1541605, 0.158327, 0.158327, 0.1541605, 95543
rsh, 2008-06-27, 1.492158712, 1.678678551, 1.678678551, 1.390420618, 81451
erm, 2008-06-27, 0.21137, 0.21137, 0.21137, 0.21137, 38085
bol, 2008-06-27, 0.581561, 0.57337, 0.589752, 0.57337, 1701691
smc, 2008-06-27, 0.69146033, 0.666316318, 0.69146033, 0.666316318, 38065
ihl, 2008-06-27, 1.9477532, 1.9477532, 1.9477532, 1.9477532, 1027
lpd, 2008-06-27, 0.272905373, 0.284770824, 0.284770824, 0.272905373, 15591
cka, 2008-06-27, 0.0589138, 0.0589138, 0.0589138, 0.0589138, 155312
jal, 2008-06-27, 0.16367364, 0.17165772, 0.17165772, 0.16367364, 63877
bd1, 2008-06-27, 0.256648579, 0.221248775, 0.256648579, 0.221248775, 58757
rxl, 2008-06-27, 0.0907479, 0.074413278, 0.0907479, 0.074413278, 43221
ado, 2008-06-27, 0.027085, 0.027085, 0.027085, 0.027085, 3648
ebg, 2008-06-27, 1.57808925, 1.57808925, 1.57808925, 1.57808925, 8643
kza, 2008-06-27, 11.95514375, 11.95514375, 12.002964325, 11.2856557, 4887
law, 2008-06-27, 0.0128954, 0.0138165, 0.0138165, 0.0128954, 393308
mpo, 2008-06-27, 1.683809, 1.800605, 1.800605, 1.683809, 452515
kfe, 2008-06-27, 0.817384, 0.817384, 0.817384, 0.817384, 770
ubi, 2008-06-27, 0.9, 0.9, 0.9, 0.9, 10090
ads, 2008-06-27, 0.081367899, 0.090940593, 0.090940593, 0.081367899, 353506
ige, 2008-06-27, 0.86304669, 0.86304669, 0.86304669, 0.86304669, 300
ucm, 2008-06-27, 0.18, 0.2, 0.205, 0.18, 107710
idt, 2008-06-27, 1.818816, 1.761978, 1.818816, 1.70514, 33358
tap, 2008-06-27, 1.339381225, 1.3354068, 1.379125475, 1.31156025, 613745
res, 2008-06-27, 3.007875, 3.3318, 3.3318, 2.822775, 935240
pxs, 2008-06-27, 1.4040525, 1.437369, 1.5087615, 1.4040525, 493659
auz, 2008-06-27, 0.126227356, 0.120069924, 0.126227356, 0.116991208, 940871
xte, 2008-06-27, 0.195321042, 0.13951503, 0.195321042, 0.13951503, 19353
dna, 2008-06-27, 1.19059187, 1.19059187, 1.19059187, 1.19059187, 1692
xf1, 2008-06-27, 5.4, 5.2, 5.4, 5.2, 900
ird, 2008-06-27, 0.32631387, 0.34929372, 0.34929372, 0.31252596, 352956
rvr, 2008-06-27, 0.13, 0.135, 0.15, 0.13, 169786
oel, 2008-06-27, 0.3223998, 0.31881758, 0.3223998, 0.31165314, 581204
sei, 2008-06-27, 0.18357381, 0.19231542, 0.19231542, 0.18357381, 129449
ada, 2008-06-27, 0.34, 0.31, 0.34, 0.31, 80829
pek, 2008-06-27, 0.06521775, 0.07130474, 0.07130474, 0.06521775, 183999
enr, 2008-06-27, 0.25, 0.26, 0.26, 0.25, 45000
ct1, 2008-06-27, 3.006670251, 2.852482033, 3.006670251, 2.852482033, 9988
gtg, 2008-06-27, 0.0895968, 0.0877302, 0.09333, 0.0877302, 210429
ayi, 2008-06-27, 0.043, 0.04, 0.043, 0.04, 199126
eqx, 2008-06-27, 1.9375, 2.09375, 2.09375, 1.9375, 66104
asw, 2008-06-27, 0.38, 0.38, 0.38, 0.38, 14700
pm8, 2008-06-27, 1, 1, 1, 1, 7200
vmy, 2008-06-27, 3.325, 3.465, 3.5, 3.29, 10112
onx, 2008-06-27, 2.799592575, 2.75652192, 2.971875195, 2.67038061, 326012
dse, 2008-06-27, 102.225142591, 93.335999757, 106.669714008, 93.335999757, 4710
krm, 2008-06-27, 0.3, 0.3, 0.3, 0.3, 16000
lcm, 2008-06-27, 0.9, 0.9, 0.9, 0.9, 13000
arv, 2008-06-27, 1.9176278, 1.9176278, 1.9176278, 1.9176278, 2295
tfl, 2008-06-27, 0.1446925, 0.14936, 0.1540275, 0.1446925, 104406
ksn, 2008-06-27, 11.60172, 11.60172, 11.60172, 11.60172, 31
mxi, 2008-06-27, 0.57, 0.57, 0.57, 0.57, 124499
aiq, 2008-06-27, 2.526412, 2.526412, 2.534258, 2.487182, 219646
paa, 2008-06-27, 0.366966558, 0.384441156, 0.384441156, 0.366966558, 71475
eme, 2008-06-27, 1.434485, 1.464164, 1.464164, 1.424592, 40610
obj, 2008-06-27, 0.012435304, 0.012435304, 0.01332354, 0.012435304, 644409
bkt, 2008-06-27, 1.61071875, 1.592821875, 1.61071875, 1.592821875, 10379
nag, 2008-06-27, 0.028346112, 0.028346112, 0.028346112, 0.028346112, 30957
lon, 2008-06-27, 71.33275, 70.102875, 71.33275, 70.102875, 80
mll, 2008-06-27, 0.64118747, 0.52460793, 0.75776701, 0.52460793, 161054
ngy, 2008-06-27, 0.27909963, 0.27909963, 0.27909963, 0.27909963, 4007
moq, 2008-06-27, 0.269738875, 0.269738875, 0.269738875, 0.269738875, 519
lom, 2008-06-27, 2.68100952, 2.68100952, 2.68100952, 2.68100952, 1102
gmc, 2008-06-27, 2.6694, 2.780625, 2.780625, 2.6694, 19924
bno, 2008-06-27, 0.362883, 0.362883, 0.367854, 0.362883, 29873
tia, 2008-06-27, 53.35948332, 51.74252928, 54.97643736, 48.91285971, 2263
avl, 2008-06-27, 0.10634088, 0.11077175, 0.11077175, 0.10191001, 548709
prx, 2008-06-27, 0.6433875, 0.65835, 0.65835, 0.6433875, 12157
hav, 2008-06-27, 1.1655504, 1.2031488, 1.2313476, 1.1561508, 44028
kat, 2008-06-27, 0.954528, 0.954528, 0.954528, 0.954528, 10057
xrf, 2008-06-27, 0.095, 0.098, 0.098, 0.095, 75000
mat, 2008-06-27, 0.290912, 0.3136395, 0.318185, 0.290912, 88634
lng, 2008-06-27, 0.81, 0.8, 0.82, 0.8, 172475
toe, 2008-06-27, 0.24429168, 0.24429168, 0.2544705, 0.23411286, 333401
ses, 2008-06-27, 2.950119165, 2.865830046, 2.950119165, 2.697251808, 5759
nsx, 2008-06-27, 0.149661925, 0.14538587, 0.149661925, 0.13683376, 125785
gev, 2008-06-27, 10.33293048, 9.816283956, 10.33293048, 9.816283956, 1020
3dp, 2008-06-27, 152.25, 150.075, 152.25, 147.9, 89
bud, 2008-06-27, 0.155, 0.15, 0.155, 0.15, 55850
vec, 2008-06-27, 0.246, 0.246, 0.246, 0.246, 5147
pdz, 2008-06-27, 0.67, 0.695, 0.695, 0.67, 150307
ybr, 2008-06-27, 0.65, 0.65, 0.65, 0.65, 9000
ciw, 2008-06-27, 0.402033025, 0.402033025, 0.402033025, 0.402033025, 2512
blu, 2008-06-27, 0.38, 0.37, 0.38, 0.37, 371664
pg1, 2008-06-27, 576958.91169882, 531409.52393312, 576958.91169882, 531409.52393312, 0
dtz, 2008-06-27, 391.9987435, 390.1004445, 394.846192, 387.252996, 2046
acr, 2008-06-27, 1.1, 1.17, 1.17, 1.08, 916094
znc, 2008-06-27, 0.08011584, 0.08011584, 0.08011584, 0.08011584, 125231
atr, 2008-06-27, 1.895, 1.9, 1.9, 1.895, 1152
vml, 2008-06-27, 0.41693288, 0.4123512, 0.41693288, 0.4123512, 140238
rxm, 2008-06-27, 0.2355675, 0.2355675, 0.2355675, 0.2355675, 10400
ime, 2008-06-27, 276, 252, 276, 252, 184
kpo, 2008-06-27, 0.0203998, 0.021215792, 0.021215792, 0.0203998, 453436
tdo, 2008-06-27, 0.25, 0.26, 0.28, 0.23, 249745
acw, 2008-06-27, 0.103632, 0.08636, 0.103632, 0.0621792, 42265
tv2, 2008-06-27, 0.408401444, 0.408401444, 0.408401444, 0.408401444, 5264
mcm, 2008-06-27, 83.2, 83, 83.8, 82.2, 7696
td1, 2008-06-27, 4.33609762, 4.70356352, 4.70356352, 4.33609762, 81980
coo, 2008-06-27, 0.055, 0.045, 0.055, 0.045, 462033
vmx, 2008-06-27, 4.6, 4.6, 4.6, 4.6, 16275
oil, 2008-06-27, 0.205, 0.215, 0.225, 0.205, 163111
eve, 2008-06-27, 0.029727388, 0.02876844, 0.03116581, 0.02876844, 908948
ipt, 2008-06-27, 0.126425, 0.13615, 0.13615, 0.126425, 102828
mei, 2008-06-27, 0.0733628, 0.077224, 0.077224, 0.0733628, 230227
rdm, 2008-06-27, 0.18330345, 0.18330345, 0.18330345, 0.18330345, 5183
rwd, 2008-06-27, 1.59558344, 1.59558344, 1.59558344, 1.5454604, 156732
hgo, 2008-06-27, 2.50112, 2.5402, 2.61836, 2.46204, 84082
ags, 2008-06-27, 4.68371265, 4.7200205, 4.847097975, 4.411403775, 127377
tsl, 2008-06-27, 22.4, 22.48, 22.8, 22.4, 8366
ntl, 2008-06-27, 0.019848375, 0.019848375, 0.02064231, 0.019848375, 225175
gml, 2008-06-27, 0.1, 0.1, 0.1, 0.099, 68319
cnw, 2008-06-27, 0.077533204, 0.077533204, 0.077533204, 0.077533204, 12962
tas, 2008-06-27, 0.071749074, 0.07009967, 0.071749074, 0.07009967, 230691
azv, 2008-06-27, 0.25492584, 0.21570648, 0.25492584, 0.21570648, 128934
hrr, 2008-06-27, 3.47813544, 3.62935872, 3.62935872, 3.4025238, 24600
e25, 2008-06-27, 0.125, 0.12, 0.13, 0.12, 253000
gfl, 2008-06-27, 0.776178, 0.776178, 0.776178, 0.776178, 633
gme, 2008-06-27, 0.25989208, 0.28773766, 0.30630138, 0.25989208, 46327
btc, 2008-06-27, 0.18, 0.18, 0.18, 0.175, 56700
ics, 2008-06-27, 3.23986, 3.33515, 3.33515, 3.23986, 892
vpr, 2008-06-27, 0.131657435, 0.13940199, 0.13940199, 0.12391288, 293356
sau, 2008-06-27, 2.3819822, 2.2418656, 2.3819822, 2.2418656, 9550
pnx, 2008-06-27, 0.08995404, 0.08995404, 0.08995404, 0.08995404, 30571
aqx, 2008-06-27, 4.237086, 4.41363125, 4.41363125, 4.06054075, 16945
gtr, 2008-06-27, 0.056812, 0.056812, 0.06087, 0.056812, 237802
dcc, 2008-06-27, 4.086225, 4.086225, 4.086225, 4.086225, 242
tso, 2008-06-27, 3.0194045, 3.0194045, 3.0194045, 2.973189125, 12609
vrc, 2008-06-27, 0.166294017, 0.166294017, 0.166294017, 0.156512016, 77244
sya, 2008-06-27, 0.88317625, 0.9185033, 0.9185033, 0.88317625, 35824
mgl, 2008-06-27, 0.0327302, 0.0327302, 0.0327302, 0.0318456, 173845
blg, 2008-06-27, 0.429031, 0.420185, 0.429031, 0.393647, 229131
coy, 2008-06-27, 0.0776475, 0.0776475, 0.0776475, 0.0776475, 11591
ptx, 2008-06-27, 5.213195008, 5.027009472, 5.213195008, 5.027009472, 3346
nge, 2008-06-27, 2.6, 2.4, 2.6, 2.4, 9075
axi, 2008-06-27, 0.117249, 0.117249, 0.117249, 0.1119195, 4420677
vor, 2008-06-27, 0.5, 0.5, 0.5, 0.5, 7500
drx, 2008-06-27, 0.1514815, 0.156368, 0.156368, 0.1514815, 108507
gbz, 2008-06-27, 1.0301031, 1.0301031, 1.0301031, 1.0301031, 874
pio, 2008-06-27, 0.086, 0.085, 0.09, 0.085, 320451
dev, 2008-06-27, 0.09237366, 0.1026374, 0.11803301, 0.09237366, 3244922
kai, 2008-06-27, 2.223322212, 2.223322212, 2.223322212, 2.223322212, 15801
mep, 2008-06-27, 0.38, 0.375, 0.38, 0.35, 72325
ath, 2008-06-27, 0.405, 0.4, 0.405, 0.4, 3588
a1m, 2008-06-27, 6.6, 6.8, 7, 6.4, 52173
vxr, 2008-06-27, 1.47909734, 1.426272435, 1.47909734, 1.426272435, 21013
gwr, 2008-06-27, 1.987, 1.987, 1.996935, 1.94726, 1005765
ele, 2008-06-27, 6.3747, 7.43715, 7.43715, 6.23304, 186487
fzr, 2008-06-27, 0.648669, 0.639268, 0.648669, 0.6345675, 159917
tps, 2008-06-27, 6.826857522, 6.826857522, 6.826857522, 6.826857522, 291
lny, 2008-06-27, 7.92, 9.12, 9.12, 7.92, 8798
vys, 2008-06-27, 0.0669459, 0.075432, 0.0801465, 0.0669459, 64705
imc, 2008-06-27, 1.312240992, 1.287481728, 1.36175952, 1.287481728, 13336
caf, 2008-06-27, 1.203426, 1.203426, 1.203426, 1.203426, 6027
bpp, 2008-06-27, 0.09077352, 0.09077352, 0.096446865, 0.085100175, 1329800
nwe, 2008-06-27, 0.16745209, 0.1732263, 0.1732263, 0.16745209, 411312
bug, 2008-06-27, 1.201818, 1.118934, 1.201818, 1.118934, 24555
ody, 2008-06-27, 1.30037838, 1.33133977, 1.346820465, 1.2384556, 84479
fsg, 2008-06-27, 4.6120167, 4.985964, 4.985964, 4.6120167, 12118
tlm, 2008-06-27, 0.555, 0.55, 0.555, 0.52, 115200
wbe, 2008-06-27, 0.11965164, 0.135605192, 0.135605192, 0.11965164, 345090
anl, 2008-06-27, 0.028339346, 0.027760992, 0.028339346, 0.027760992, 259357
viv, 2008-06-27, 0.09333, 0.0895968, 0.09333, 0.0895968, 37501
avq, 2008-06-27, 0.9, 1.26, 1.26, 0.9, 10286
msm, 2008-06-27, 288.709174452, 336.827370194, 336.827370194, 288.709174452, 254
exr, 2008-06-27, 3.84754251, 3.99842653, 3.99842653, 3.7721005, 24076
hmx, 2008-06-27, 5.257540629, 5.105148147, 5.257540629, 5.028951906, 7254
ovt, 2008-06-27, 0.9, 0.905, 0.95, 0.88, 1965254
llo, 2008-06-27, 2.1888, 2.0064, 2.1888, 2.0064, 34809
rpm, 2008-06-27, 7.865819, 8.18045176, 8.18045176, 7.23655348, 16236
hng, 2008-06-27, 1.5463872, 1.527296, 1.5463872, 1.527296, 817
ixr, 2008-06-27, 0.04473819, 0.04473819, 0.04473819, 0.04473819, 2414
lcl, 2008-06-27, 313.02, 365.19, 365.19, 313.02, 29
azs, 2008-06-27, 3.02636304, 3.02636304, 3.02636304, 2.83721535, 23519
oda, 2008-06-27, 2.05605324, 2.05605324, 2.05605324, 2.05605324, 474
mwr, 2008-06-27, 0.1325025, 0.1325025, 0.1325025, 0.1325025, 13585
kbc, 2008-06-27, 0.765, 0.73, 0.765, 0.71, 115566
dvn, 2008-06-27, 2.663906, 2.713544, 2.713544, 2.663906, 27279
ivr, 2008-06-27, 0.11095608, 0.12020242, 0.12020242, 0.11095608, 173582
afr, 2008-06-27, 0.158532, 0.16814, 0.16814, 0.158532, 14571
rno, 2008-06-27, 2.325, 2.51875, 2.51875, 2.325, 903
oau, 2008-06-27, 0.407088495, 0.41942451, 0.44409654, 0.40297649, 442374
cgn, 2008-06-27, 190.3473, 201.8835, 201.8835, 190.3473, 113
mgu, 2008-06-27, 0.16584336, 0.1612366, 0.16584336, 0.1612366, 116264
zgl, 2008-06-27, 0.204754, 0.189772, 0.209748, 0.184778, 106628
vms, 2008-06-27, 0.395246, 0.395246, 0.419056, 0.395246, 182058
cto, 2008-06-27, 0.28, 0.28, 0.28, 0.27, 755320
au1, 2008-06-27, 23.203125, 23.203125, 23.203125, 23.203125, 711
jrl, 2008-06-27, 0.9809, 0.931855, 0.9809, 0.931855, 16312
bar, 2008-06-27, 0.195, 0.19, 0.195, 0.185, 481848
hnr, 2008-06-27, 0.26633175, 0.271658385, 0.27698502, 0.26633175, 112885
tsc, 2008-06-27, 0.071089305, 0.07447451, 0.07447451, 0.071089305, 119733
nwc, 2008-06-27, 54.37908756, 56.96856792, 62.14752864, 54.37908756, 529
cga, 2008-06-27, 32.45487264, 32.45487264, 32.45487264, 32.45487264, 671
may, 2008-06-27, 0.52, 0.52, 0.535, 0.505, 2096960
rnt, 2008-06-27, 0.618371328, 0.618371328, 0.618371328, 0.51530944, 5628
vrs, 2008-06-27, 0.805, 0.805, 0.805, 0.77, 97335
hpr, 2008-06-27, 1.9645335, 1.861137, 1.9645335, 1.861137, 9478
mhc, 2008-06-27, 0.145, 0.145, 0.145, 0.145, 11000
ave, 2008-06-27, 0.09765, 0.1025325, 0.1025325, 0.09765, 226391
jcs, 2008-06-27, 0.070284708, 0.072987966, 0.072987966, 0.069383622, 83233
cce, 2008-06-27, 0.215, 0.215, 0.22, 0.21, 1057056
frn, 2008-06-27, 45.05, 52.7, 52.7, 45.05, 552
cxm, 2008-06-27, 0.46, 0.45, 0.48, 0.45, 191056
tpp, 2008-06-27, 5.8098, 6.342365, 6.342365, 5.51931, 10679
gul, 2008-06-27, 0.065, 0.065, 0.065, 0.065, 101116
fyi, 2008-06-27, 0.324987, 0.299988, 0.324987, 0.299988, 8000
pfg, 2008-06-27, 0.335, 0.34, 0.365, 0.335, 120332
dre, 2008-06-27, 0.45771285, 0.481803, 0.481803, 0.4336227, 74304
rim, 2008-06-27, 0.0242528, 0.0223872, 0.0242528, 0.0223872, 343053
alt, 2008-06-27, 0.021600192, 0.018900168, 0.0225002, 0.018900168, 282775
arq, 2008-06-27, 3.120923, 2.961387, 3.160807, 2.961387, 96904
acb, 2008-06-27, 0.51578222, 0.6325631, 0.65202658, 0.51578222, 393102
fpl, 2008-06-27, 19.36451296, 18.24732952, 19.36451296, 18.24732952, 2010
vmg, 2008-06-27, 0.5027652, 0.4992246, 0.5098464, 0.4974543, 1252596
stm, 2008-06-27, 1.964087285, 1.964087285, 1.9973769, 1.964087285, 31211
wsi, 2008-06-27, 1.806126777, 1.865669418, 1.865669418, 1.78627923, 4493
adx, 2008-06-27, 0.12831, 0.133245, 0.133245, 0.12831, 385295
cwl, 2008-06-27, 14.85970218, 14.6504106, 14.85970218, 14.6504106, 5925
afl, 2008-06-27, 135.9690654, 137.91148062, 137.91148062, 132.08423496, 796
eqe, 2008-06-27, 0.507156, 0.507156, 0.516909, 0.497403, 393721
ucw, 2008-06-27, 39.469767075, 39.469767075, 39.469767075, 39.469767075, 69
blv, 2008-06-27, 4.529833555, 4.623232185, 4.6699315, 4.48313424, 89579
cxu, 2008-06-27, 0.32, 0.34, 0.35, 0.315, 139544
eer, 2008-06-27, 0.545, 0.51, 0.55, 0.51, 30960
inv, 2008-06-27, 0.8487745, 0.8315405, 0.8487745, 0.8315405, 32295
asq, 2008-06-27, 0.43, 0.4, 0.43, 0.37, 157200
caz, 2008-06-27, 0.3433205, 0.367498, 0.396511, 0.3433205, 1209047
mrv, 2008-06-27, 0.1492336, 0.15389715, 0.16322425, 0.14457005, 2199727
kam, 2008-06-27, 0.27, 0.29, 0.29, 0.27, 26382
tpc, 2008-06-27, 1.4, 1.4, 1.4, 1.4, 2000
aft, 2008-06-27, 0.001, 0.001, 0.001, 0.001, 2170000
bcc, 2008-06-27, 1.04, 1.04, 1.04, 1.04, 24698
mel, 2008-06-27, 1.03324, 1.01337, 1.03324, 0.9935, 234764
gbm, 2008-06-27, 0.114772, 0.12297, 0.131168, 0.114772, 382993
pft, 2008-06-27, 62.206084875, 62.960098025, 64.468124325, 62.206084875, 2885
ect, 2008-06-27, 0.0585, 0.0555, 0.06, 0.0555, 422628
erl, 2008-06-27, 0.147536, 0.165978, 0.175199, 0.147536, 323391
awn, 2008-06-27, 1.3, 1.3, 1.3, 1.3, 1800
aee, 2008-06-27, 0.2429185, 0.25263524, 0.25263524, 0.2429185, 25729
mey, 2008-06-27, 23.8070775, 22.37865285, 23.8070775, 21.9025113, 2122
hwk, 2008-06-27, 9.8, 9.8, 10, 9.8, 3619
bsm, 2008-06-27, 0.10153539, 0.110494395, 0.110494395, 0.10153539, 181827
psa, 2008-06-27, 0.73825429, 0.75604355, 0.75604355, 0.72935966, 811077
abv, 2008-06-27, 0.140547296, 0.140547296, 0.140547296, 0.140547296, 24554
bxn, 2008-06-27, 0.224, 0.196, 0.224, 0.168, 44340
aqd, 2008-06-27, 0.285, 0.31, 0.31, 0.28, 97900
dw8, 2008-06-27, 0.0322725, 0.0322725, 0.0322725, 0.0322725, 29283
cl8, 2008-06-27, 0.186485, 0.186485, 0.186485, 0.186485, 1528
tcn, 2008-06-27, 0.0542304, 0.0542304, 0.0542304, 0.0542304, 53129
cm8, 2008-06-27, 30.349657875, 30.349657875, 30.349657875, 28.32634735, 1257
aul, 2008-06-27, 0.2763061, 0.296622725, 0.296622725, 0.26817945, 646766
hyd, 2008-06-27, 1.238, 1.238, 1.238, 1.238, 4039
clt, 2008-06-27, 0.1384435, 0.1384435, 0.1384435, 0.1384435, 116373
are, 2008-06-27, 0.2082926, 0.2082926, 0.2082926, 0.2037645, 339932
yow, 2008-06-27, 4.35, 3.9, 4.35, 3.9, 2717
srk, 2008-06-27, 1.99, 2.11, 2.12, 1.975, 716044
ree, 2008-06-27, 0.6383074, 0.6383074, 0.6383074, 0.6383074, 3133
lmg, 2008-06-27, 0.011, 0.011, 0.011, 0.011, 60000
aon, 2008-06-27, 9.67558265, 10.57563685, 10.57563685, 9.67558265, 4489
xcd, 2008-06-27, 0.56891248, 0.622248025, 0.622248025, 0.53335545, 162212
evz, 2008-06-27, 1.929665, 1.97673, 1.97673, 1.929665, 15684
cym, 2008-06-27, 5310.815895, 5391.2828025, 5632.683525, 5310.815895, 4
pgm, 2008-06-27, 0.45174227, 0.48861919, 0.49783842, 0.45174227, 56505
lct, 2008-06-27, 0.28, 0.255, 0.28, 0.255, 25500
gle, 2008-06-27, 0.3, 0.3, 0.3, 0.3, 10000
hhm, 2008-06-27, 0.35783264, 0.3253024, 0.35783264, 0.3253024, 32585
gmr, 2008-06-27, 0.50879404, 0.7189481, 0.7189481, 0.50879404, 118336
sri, 2008-06-27, 0.756, 0.756, 0.768, 0.744, 73510
czn, 2008-06-27, 0.14, 0.14, 0.14, 0.14, 40000
krs, 2008-06-27, 0.26, 0.25, 0.26, 0.25, 12000
rhi, 2008-06-27, 6.2986968, 6.2046864, 6.2986968, 6.2046864, 23614
icn, 2008-06-27, 0.255, 0.26, 0.265, 0.25, 821271
adv, 2008-06-27, 0.68, 0.68, 0.68, 0.68, 1500
kgm, 2008-06-27, 0.7650437, 0.78385625, 0.78385625, 0.7650437, 41143
tnr, 2008-06-27, 8.98326, 9.582144, 9.582144, 8.384376, 28837
aqc, 2008-06-27, 25.53525, 28.67805, 28.67805, 25.53525, 778
auq, 2008-06-27, 0.084031, 0.0820538, 0.084031, 0.0810652, 43397
lin, 2008-06-27, 1.78667544, 1.86112025, 1.86112025, 1.4888962, 17856
meb, 2008-06-27, 1.176484427, 1.114564194, 1.176484427, 1.114564194, 18432
ady, 2008-06-27, 1.04369672, 1.04369672, 1.09113748, 0.99625596, 5201410
pel, 2008-06-27, 0.08057368, 0.0732488, 0.08057368, 0.0732488, 358642
syt, 2008-06-27, 0.10117737, 0.10117737, 0.10117737, 0.086298345, 104587
rbr, 2008-06-27, 0.098826, 0.098826, 0.098826, 0.09412, 324717
czl, 2008-06-27, 1.163762597, 1.146393006, 1.163762597, 1.146393006, 2995
cap, 2008-06-27, 0.089954104, 0.08799858, 0.089954104, 0.087020818, 179361
oex, 2008-06-27, 0.870485, 0.833833, 0.870485, 0.833833, 159525
key, 2008-06-27, 0.23833345, 0.24641255, 0.2504521, 0.23025435, 948289
psl, 2008-06-27, 7.71968505, 7.71968505, 7.71968505, 7.71968505, 1496
amd, 2008-06-27, 1.225471707, 1.20144285, 1.225471707, 1.20144285, 12152
buy, 2008-06-27, 0.054522153, 0.054522153, 0.054522153, 0.05192586, 502640
ht8, 2008-06-27, 437.50546875, 486.1171875, 486.1171875, 437.50546875, 5
xtc, 2008-06-27, 0.2755, 0.28025, 0.28025, 0.2755, 26316
em1, 2008-06-27, 3.129058736, 3.163070244, 3.163070244, 3.06103572, 11320
aur, 2008-06-27, 0.17704014, 0.17704014, 0.17704014, 0.17704014, 678
ibg, 2008-06-27, 0.425, 0.41, 0.425, 0.39, 14216
ler, 2008-06-27, 0.188038318, 0.188038318, 0.202502804, 0.188038318, 27377
ecs, 2008-06-27, 0.003490585, 0.00361095, 0.003731315, 0.003490585, 5313530
ddd, 2008-06-27, 0.037252341, 0.037252341, 0.037252341, 0.037252341, 16912
tti, 2008-06-27, 0.0506064, 0.0476868, 0.0515796, 0.0457404, 680814
bdi, 2008-06-27, 0.11, 0.11, 0.11, 0.11, 2772
man, 2008-06-27, 0.075, 0.075, 0.075, 0.075, 25033
hcd, 2008-06-27, 2.33203828, 2.33203828, 2.33203828, 2.2423445, 43417
egl, 2008-06-27, 0.208125, 0.20535, 0.208125, 0.19425, 153153
aly, 2008-06-27, 0.0831171, 0.0831171, 0.0831171, 0.0831171, 24062
ahn, 2008-06-27, 0.08876988, 0.08876988, 0.08876988, 0.08876988, 25910
ptr, 2008-06-27, 8.59323412, 8.34049194, 8.656419665, 8.21412085, 7284
sgo, 2008-06-27, 0.08056815, 0.1074242, 0.1074242, 0.08056815, 80677
aph, 2008-06-27, 0.3043215, 0.28983, 0.309152, 0.280169, 523773
mth, 2008-06-27, 1.497204, 1.497204, 1.497204, 1.497204, 287
fel, 2008-06-27, 0.092, 0.092, 0.092, 0.091, 40000
cio, 2008-06-27, 96.0012, 96.0012, 106.668, 90.6678, 697
rez, 2008-06-27, 0.1708265, 0.1874925, 0.1874925, 0.1708265, 4920
jdr, 2008-06-27, 13.57776, 14.33208, 14.33208, 13.57776, 5394
caq, 2008-06-27, 2.7, 2.7, 2.7, 2.7, 893
ent, 2008-06-27, 0.203476, 0.208208, 0.208208, 0.203476, 79248
nor, 2008-06-27, 2.329418685, 2.329418685, 2.329418685, 2.329418685, 2383
pgi, 2008-06-27, 0.829074246, 0.86551707, 0.86551707, 0.829074246, 37050
mnw, 2008-06-27, 0.045, 0.045, 0.045, 0.045, 11500
srh, 2008-06-27, 2.1516, 2.14182, 2.1516, 2.14182, 14365
mrz, 2008-06-27, 0.6, 0.645, 0.645, 0.56, 1695936
nxm, 2008-06-27, 0.215, 0.21, 0.215, 0.21, 39000
pcl, 2008-06-27, 0.0506945, 0.047825, 0.0526075, 0.047825, 1181542
sud, 2008-06-27, 3.1106912, 3.1106912, 3.1106912, 3.0134821, 12859
sxx, 2008-06-27, 0.029375, 0.029375, 0.029375, 0.029375, 280000
ahl, 2008-06-27, 64.65079504, 64.65079504, 69.62393312, 59.67765696, 978
klr, 2008-06-27, 0.01, 0.01, 0.01, 0.01, 1210
lhm, 2008-06-27, 96.173631, 96.173631, 96.173631, 96.173631, 14
cad, 2008-06-27, 28, 28.5, 29.5, 27.5, 5660
lsr, 2008-06-27, 0.066244486, 0.06452385, 0.067965122, 0.06452385, 28009
sop, 2008-06-27, 0.69482162, 0.729562701, 0.729562701, 0.69482162, 34541
gbp, 2008-06-27, 0.165, 0.17, 0.17, 0.165, 373000
bas, 2008-06-27, 0.032230774, 0.032230774, 0.032230774, 0.032230774, 49416
rmg, 2008-06-27, 0.5209446, 0.5209446, 0.5209446, 0.5209446, 29370
brk, 2008-06-27, 11.6, 11.6, 12, 11.2, 2643
cvv, 2008-06-27, 5.948595055, 6.65436057, 6.65436057, 5.948595055, 2232
ayr, 2008-06-27, 0.4512362, 0.4512362, 0.460260924, 0.4512362, 6398
kte, 2008-06-27, 0.10705075, 0.10276872, 0.10705075, 0.10276872, 420191
ida, 2008-06-27, 0.06558458, 0.06558458, 0.0674234, 0.06251988, 500049
sgc, 2008-06-27, 0.085, 0.085, 0.085, 0.085, 12000
lsa, 2008-06-27, 11.92731, 12.50913, 12.50913, 11.6364, 23918
fnt, 2008-06-27, 0.626294253, 0.626294253, 0.64235308, 0.610235426, 45477
tyx, 2008-06-27, 0.84369903, 0.82430365, 0.84369903, 0.819454805, 16194
mar, 2008-06-27, 19.8875, 19.8875, 19.8875, 18.9625, 1622
shk, 2008-06-27, 0.105, 0.11, 0.11, 0.105, 450000
emu, 2008-06-27, 0.125606, 0.125606, 0.125606, 0.125606, 18630
lio, 2008-06-27, 0.71109156, 0.71109156, 0.71109156, 0.71109156, 624
ajc, 2008-06-27, 0.08027774, 0.07555552, 0.08027774, 0.07555552, 39176
icg, 2008-06-27, 0.17794832, 0.14559408, 0.17794832, 0.14559408, 253013
fun, 2008-06-27, 7.73733064, 7.88612546, 7.88612546, 7.51413841, 18597
cux, 2008-06-27, 0.135, 0.125, 0.135, 0.125, 319269
qfy, 2008-06-27, 94.66204412, 94.66204412, 94.66204412, 91.28125683, 204
srz, 2008-06-27, 0.177138, 0.177138, 0.177138, 0.177138, 35057
tmx, 2008-06-27, 0.04767666, 0.04767666, 0.04767666, 0.04767666, 167377
bir, 2008-06-27, 0.8892, 1.0773, 1.0773, 0.8892, 18273
mlm, 2008-06-27, 0.34989315, 0.3567538, 0.36361445, 0.34989315, 42853
nzs, 2008-06-27, 1.066052, 1.066052, 1.066052, 1.032737875, 64494
tzl, 2008-06-27, 33.5547857, 32.91996543, 33.64547431, 32.82927682, 2216
ivo, 2008-06-27, 47, 46, 48, 45, 120
pua, 2008-06-27, 36.25, 33.75, 36.25, 31.875, 2326
cgo, 2008-06-27, 0.75, 0.71, 0.75, 0.7, 22700
bnl, 2008-06-27, 0.945, 0.93, 1.005, 0.93, 121890
hhy, 2008-06-27, 1.312716, 1.32216, 1.32216, 1.293828, 62569
mtl, 2008-06-27, 0.38, 0.38, 0.38, 0.38, 4404
hgm, 2008-06-27, 0.0501462, 0.0488604, 0.0501462, 0.0482175, 71473
kkl, 2008-06-27, 3.056556135, 2.967960305, 3.056556135, 2.967960305, 7498
amo, 2008-06-27, 0.72, 0.68, 0.73, 0.65, 76000
lcd, 2008-06-27, 0.751900752, 0.62658396, 0.751900752, 0.584811696, 279047
nse, 2008-06-27, 0.255, 0.26, 0.26, 0.255, 41106
exo, 2008-06-27, 0.3289713, 0.3289713, 0.3289713, 0.3289713, 19538
aev, 2008-06-27, 1.34961528, 1.44478046, 1.44478046, 1.32366114, 344537
xpe, 2008-06-27, 3.039786225, 3.213488295, 3.213488295, 3.039786225, 12819
fin, 2008-06-27, 0.3546844, 0.3360168, 0.3546844, 0.3360168, 290021
mgz, 2008-06-27, 0.03836028, 0.037675275, 0.03836028, 0.037675275, 72992
dcx, 2008-06-27, 0.272216, 0.272216, 0.272216, 0.272216, 2057
arm, 2008-06-27, 0.1709155, 0.189098, 0.189098, 0.1709155, 540109
nme, 2008-06-27, 0.28, 0.28, 0.28, 0.28, 4900
auh, 2008-06-27, 0.059, 0.067, 0.069, 0.057, 3668724
zip, 2008-06-27, 8.08390026, 8.3889531, 8.3889531, 8.08390026, 131
ddt, 2008-06-27, 0.1050035, 0.0990033, 0.1110037, 0.0990033, 491952
mls, 2008-06-27, 0.037, 0.038, 0.04, 0.037, 3516102
cse, 2008-06-27, 0.255, 0.26, 0.26, 0.25, 119000
scn, 2008-06-27, 0.043, 0.043, 0.043, 0.043, 118990
mcx, 2008-06-27, 9.5, 9.5, 9.9, 9.5, 2151
ftt, 2008-06-27, 0.08402394, 0.0800228, 0.08402394, 0.0800228, 77723
ppy, 2008-06-27, 0.52, 0.51, 0.52, 0.51, 55400
fam, 2008-06-27, 73.336, 80.6696, 80.6696, 71.13592, 150
stc, 2008-06-27, 0.08, 0.08, 0.08, 0.08, 75000
amb, 2008-06-27, 0.3414035, 0.336595, 0.3414035, 0.336595, 176770
re1, 2008-06-27, 40.95, 40.95, 40.95, 40.95, 111
atp, 2008-06-27, 0.3928532, 0.40267453, 0.40267453, 0.387942535, 47448
cav, 2008-06-27, 0.12437152, 0.12437152, 0.13214474, 0.12437152, 77188
mjc, 2008-06-27, 0.091, 0.096, 0.096, 0.091, 345224
spq, 2008-06-27, 0.07666524, 0.07027647, 0.07666524, 0.07027647, 62610
pnn, 2008-06-27, 0.6434092, 0.6434092, 0.64814015, 0.6434092, 78811
enb, 2008-06-27, 0.08728247, 0.08728247, 0.08728247, 0.0793477, 331169
lml, 2008-06-27, 0.204186, 0.204186, 0.204186, 0.199932125, 97205
ser, 2008-06-27, 0.00615496, 0.0063672, 0.0063672, 0.00615496, 1785710
apg, 2008-06-27, 0.092, 0.096, 0.096, 0.092, 703764
mdx, 2008-06-27, 0.30410926, 0.299637065, 0.30410926, 0.290692675, 480748
sf1, 2008-06-27, 68.6266505, 68.6266505, 73.007075, 67.166509, 1741
ims, 2008-06-27, 0.04, 0.04, 0.04, 0.04, 3882914
ffr, 2008-06-27, 11.61224708, 11.819608635, 12.02697019, 10.36807775, 31701
tkf, 2008-06-27, 2.795086, 2.795086, 2.795086, 2.795086, 308
dlc, 2008-06-27, 0.005356, 0.0060255, 0.0060255, 0.005356, 893951
mmr, 2008-06-27, 0.052484813, 0.052484813, 0.052484813, 0.052484813, 99200
blz, 2008-06-27, 1.75, 1.75, 1.75, 1.75, 2000
axt, 2008-06-27, 0.175, 0.16, 0.175, 0.14, 46358
bph, 2008-06-27, 0.6007935, 0.58614, 0.674061, 0.527526, 25448
nae, 2008-06-27, 0.155552, 0.155552, 0.155552, 0.155552, 10286
kor, 2008-06-27, 0.105, 0.11, 0.11, 0.1, 422500
ggx, 2008-06-27, 0.0439237, 0.0439237, 0.0439237, 0.0439237, 1132191
r3d, 2008-06-27, 0.116, 0.108, 0.12, 0.108, 121119
arc, 2008-06-27, 2.13785949, 2.30231022, 2.30231022, 2.13785949, 10426
aro, 2008-06-27, 0.454986, 0.454986, 0.454986, 0.454986, 10770
cfe, 2008-06-27, 0.327228, 0.324749, 0.344581, 0.319791, 3400109
lhb, 2008-06-27, 2.19582, 2.19582, 2.245725, 2.145915, 80868
cro, 2008-06-27, 4.22836895, 4.03321346, 4.22836895, 4.03321346, 2765
tkm, 2008-06-27, 142.0498638, 134.94737061, 142.0498638, 131.396124015, 538
fau, 2008-06-27, 0.25, 0.25, 0.25, 0.25, 2000
add, 2008-06-27, 0.985712, 1.023624, 1.099448, 0.985712, 27773
wml, 2008-06-27, 46.18359375, 54.10078125, 54.10078125, 46.18359375, 741
rds, 2008-06-27, 0.2578248, 0.2578248, 0.2578248, 0.24493356, 60855
she, 2008-06-27, 0.0264, 0.0248, 0.0264, 0.0248, 813250
wcn, 2008-06-27, 2.539631088, 2.539631088, 2.539631088, 2.539631088, 7403
grv, 2008-06-27, 0.4166865, 0.4166865, 0.4166865, 0.4166865, 2132
cnj, 2008-06-27, 0.181263, 0.186162, 0.186162, 0.181263, 101551
cmd, 2008-06-27, 3.04, 3.04, 3.04, 3.04, 3125
rne, 2008-06-27, 13.55491465, 14.0223255, 14.0223255, 13.040762715, 41132
bel, 2008-06-27, 0.295, 0.255, 0.295, 0.255, 5566
cul, 2008-06-27, 2.67793221, 2.7702747, 2.86261719, 2.67793221, 58880
mgt, 2008-06-27, 0.12444268, 0.12243554, 0.12444268, 0.12243554, 825777
qss, 2008-06-27, 0.0945, 0.072, 0.0945, 0.072, 27778
rcp, 2008-06-27, 7.32732, 7.13944, 7.70308, 7.13944, 7758
svs, 2008-06-27, 0.7, 0.7, 0.7, 0.7, 720
opl, 2008-06-27, 6007.2498094, 6093.06766382, 6093.06766382, 6007.2498094, 12
rdn, 2008-06-27, 35.27517, 35.27517, 35.27517, 33.20016, 190
cvs, 2008-06-27, 0.0254098, 0.0234552, 0.0254098, 0.0234552, 639517
rmt, 2008-06-27, 0.181355, 0.20501, 0.20501, 0.181355, 38554
cml, 2008-06-27, 0.45467455, 0.491875195, 0.491875195, 0.43814093, 44313
gcr, 2008-06-27, 0.56985, 0.5502, 0.56985, 0.53055, 157620
srn, 2008-06-27, 0.235620224, 0.235620224, 0.235620224, 0.235620224, 5942
akn, 2008-06-27, 0.15694245, 0.15694245, 0.15694245, 0.15694245, 53523
cyq, 2008-06-27, 26.378606375, 23.98055125, 26.378606375, 23.98055125, 453
pak, 2008-06-27, 1.36116195, 1.36116195, 1.36116195, 1.36116195, 10469
fgo, 2008-06-27, 1320, 1280, 1330, 1260, 1080
iam, 2008-06-27, 0.187, 0.187, 0.187, 0.187, 154130
rog, 2008-06-27, 3.1, 3.2, 3.2, 3.1, 1599
si6, 2008-06-27, 0.53526528, 0.53526528, 0.56871936, 0.53526528, 3856
ign, 2008-06-27, 1.09894, 1.127608, 1.137164, 1.089384, 105965
rag, 2008-06-27, 16.5708, 18.64215, 18.64215, 15.88035, 797
iec, 2008-06-27, 0.259252, 0.287029, 0.287029, 0.2546225, 178434
cae, 2008-06-27, 0.9048, 0.9048, 0.940992, 0.868608, 590123
abw, 2008-06-27, 1.35027, 1.41695, 1.41695, 1.3336, 21776
gge, 2008-06-27, 0.11124848, 0.11124848, 0.11124848, 0.108069952, 188892
tta, 2008-06-27, 0.085, 0.09, 0.091, 0.075, 112025
kas, 2008-06-27, 14.9994, 13.3328, 14.9994, 13.3328, 2358
rmi, 2008-06-27, 1.066392756, 1.034077824, 1.066392756, 1.034077824, 7439
emp, 2008-06-27, 9.619155, 9.619155, 9.619155, 9.619155, 546
icu, 2008-06-27, 814.1804, 777.1722, 814.1804, 740.164, 19
xst, 2008-06-27, 0.0800275, 0.0800275, 0.0800275, 0.079227225, 59979
rnx, 2008-06-27, 0.461481, 0.47994024, 0.47994024, 0.461481, 119182
thr, 2008-06-27, 2.875, 2.5, 2.875, 2.5, 15952
pch, 2008-06-27, 0.6, 0.6, 0.6, 0.6, 17028
msi, 2008-06-27, 0.03, 0.03, 0.03, 0.03, 30000
prm, 2008-06-27, 49.57000998, 51.70205342, 51.70205342, 49.03699912, 572
rny, 2008-06-27, 0.275, 0.265, 0.29, 0.26, 1292577
mxr, 2008-06-27, 14.434094415, 15.54440937, 15.54440937, 14.434094415, 12072
tom, 2008-06-27, 10.5, 10.5, 10.5, 10.5, 1648
pow, 2008-06-27, 0.938532625, 1.05115654, 1.12623915, 0.938532625, 14113
efe, 2008-06-27, 0.415681, 0.406014, 0.415681, 0.406014, 39112
cgm, 2008-06-27, 0.0635799, 0.0635799, 0.0635799, 0.0635799, 94423
bmg, 2008-06-27, 0.29628297, 0.29628297, 0.29628297, 0.29628297, 14186
mtb, 2008-06-27, 0.21, 0.21, 0.21, 0.21, 81119
nxe, 2008-06-27, 3086.45384196, 3086.45384196, 3086.45384196, 3020.78461128, 22
rbx, 2008-06-27, 1.11510765, 1.177058075, 1.177058075, 1.11510765, 3632
acs, 2008-06-27, 0.4, 0.405, 0.405, 0.38, 320156
oeq, 2008-06-27, 0.9, 0.9, 0.9, 0.9, 407
sbi, 2008-06-27, 0.075, 0.075, 0.075, 0.075, 44094
rlc, 2008-06-27, 0.034512, 0.0310608, 0.034512, 0.0310608, 162474
pbx, 2008-06-27, 0.26, 0.28, 0.29, 0.26, 262134
qtg, 2008-06-27, 1.48239504, 1.5882804, 1.5882804, 1.48239504, 17804
cpt, 2008-06-27, 0.99354, 0.99354, 0.99354, 0.99354, 20841
uul, 2008-06-27, 0.099, 0.099, 0.099, 0.099, 20000
abl, 2008-06-27, 3.1878171, 3.158300275, 3.217333925, 3.0697498, 61917
ref, 2008-06-27, 1.44, 1.42, 1.445, 1.42, 893411
sys, 2008-06-27, 0.1826875, 0.1826875, 0.187625, 0.17775, 932491
