csl, 2001-11-20, 15.8763, 15.774, 15.8796, 15.741, 604958
cba, 2001-11-20, 29.335727, 29.330754, 29.499836, 29.161672, 3448787
bhp, 2001-11-20, 8.2999042, 8.33378136, 8.33378136, 8.22368059, 18258273
wbc, 2001-11-20, 15.460059524, 15.53710301, 15.67538619, 15.31980087, 3942103
nab, 2001-11-20, 31.1623272, 31.5064063, 31.74598, 31.065709, 3911243
wow, 2001-11-20, 11.276, 10.9, 11.34, 10.88, 8211007
anz, 2001-11-20, 17.10166, 16.967904, 17.10166, 16.805486, 8398110
wes, 2001-11-20, 21.236860422, 21.294369396, 21.40537509, 21.1312044, 458823
tcl, 2001-11-20, 4.54621075, 4.4983559, 4.5940656, 4.45050105, 807919
tls, 2001-11-20, 5.09, 5.15, 5.18, 5.08, 30582290
rio, 2001-11-20, 28.196025, 28.47207, 28.47207, 28.164477, 2347434
ncm, 2001-11-20, 3.36749, 3.385942, 3.404394, 3.293682, 1271282
wpl, 2001-11-20, 12.9451344, 12.705845552, 12.97455516, 12.6999614, 1539018
all, 2001-11-20, 6.44, 6.58, 6.59, 6.44, 1265755
asx, 2001-11-20, 11.882915, 11.666325, 11.961675, 11.65648, 187624
rhc, 2001-11-20, 4.6, 4.742, 4.742, 4.6, 277912
amc, 2001-11-20, 5.915717324, 5.94649718, 6.04482172, 5.915717324, 1196178
apa, 2001-11-20, 2.42113855, 2.43955025, 2.43955025, 2.4119327, 132255
shl, 2001-11-20, 8.48, 8.15, 8.48, 8.13, 612802
iag, 2001-11-20, 3.217403, 3.207442, 3.237325, 3.197481, 2937175
coh, 2001-11-20, 47.784, 46.32, 47.8, 46, 362377
rea, 2001-11-20, 0.108361, 0.088659, 0.108361, 0.088659, 25378
qbe, 2001-11-20, 7.1, 7.101, 7.18, 7.05, 1952827
sun, 2001-11-20, 12.8225064, 12.870105098, 13.1624971, 12.8225064, 908930
sto, 2001-11-20, 4.9050222, 4.911455016, 4.96130934, 4.8648171, 1824854
jhx, 2001-11-20, 4.82307, 4.91764, 4.974382, 4.719043, 1456800
org, 2001-11-20, 2.5174456, 2.46792208, 2.53395344, 2.45966816, 1885961
rmd, 2001-11-20, 2.725, 2.679, 2.725, 2.6625, 4098044
mgr, 2001-11-20, 3.4837165, 3.44641, 3.4837165, 3.4197625, 2221173
aia, 2001-11-20, 0.71741685, 0.71741685, 0.71741685, 0.71741685, 709838
spk, 2001-11-20, 3.1284, 3.12048, 3.13632, 3.11256, 851460
gpt, 2001-11-20, 9.085527, 9.18464184, 9.18464184, 9.085527, 940900
llc, 2001-11-20, 10.868625, 11.071506, 11.129472, 10.868625, 1123413
cim, 2001-11-20, 9.68216, 9.8758032, 10.05008208, 9.68216, 298371
afi, 2001-11-20, 2.970006, 2.98961, 3.028818, 2.970006, 342495
tpm, 2001-11-20, 0.185076085, 0.18077199, 0.185076085, 0.18077199, 46467
ori, 2001-11-20, 5.38848964, 5.5150649, 5.56931144, 5.38848964, 7094230
sgp, 2001-11-20, 4.222362, 4.212916, 4.241254, 4.212916, 2055319
cpu, 2001-11-20, 5.65, 5.634, 5.65, 5.55, 1353130
tah, 2001-11-20, 4.583752356, 4.561192707, 4.62703005, 4.5119298, 1680300
ccl, 2001-11-20, 5.1, 5.06, 5.11, 5.01, 4591490
ctx, 2001-11-20, 1.23, 1.23, 1.24, 1.2, 102336
osh, 2001-11-20, 0.945168, 0.945168, 0.9744, 0.945168, 3691757
reh, 2001-11-20, 0.825195, 0.81537125, 0.825195, 0.81537125, 101285
arg, 2001-11-20, 3.826172, 3.826172, 3.83573743, 3.826172, 90872
qan, 2001-11-20, 4.143216, 4.1868288, 4.232424, 4.123392, 11664243
amp, 2001-11-20, 13.917666906, 13.7638358, 14.08769076, 13.7638358, 4235196
alu, 2001-11-20, 3.44016, 3.2557292, 3.44016, 3.24904, 76387
sol, 2001-11-20, 4.185, 4.25, 4.25, 4.18, 1080880
awc, 2001-11-20, 4.55910485, 4.68061914, 4.68061914, 4.5080874, 7616005
ann, 2001-11-20, 4.25, 4.25, 4.25, 4.2, 356628
hvn, 2001-11-20, 3.4644705, 3.4739622, 3.4739622, 3.3790452, 1907010
stw, 2001-11-20, 34.01, 33.88, 34.01, 33.88, 276315
bpt, 2001-11-20, 0.360857994, 0.354527152, 0.367188836, 0.34819631, 789358
bld, 2001-11-20, 3.03756225, 2.9740908, 3.082899, 2.96502345, 1392603
tne, 2001-11-20, 0.9, 0.89, 0.9, 0.88, 385094
ilu, 2001-11-20, 3.363066, 3.345272, 3.363066, 3.327478, 341910
ben, 2001-11-20, 6.780424, 6.86938, 6.86938, 6.780424, 124817
alq, 2001-11-20, 0.8730137, 0.87992866, 0.87992866, 0.8730137, 26366
ozl, 2001-11-20, 1.60083, 1.55232, 1.60083, 1.55232, 91092
pme, 2001-11-20, 1.22, 1.22, 1.22, 1.22, 10639
brg, 2001-11-20, 0.89, 0.91, 0.92, 0.89, 195400
mlt, 2001-11-20, 2.24, 2.26, 2.26, 2.24, 75495
dow, 2001-11-20, 2.9156344, 2.84274354, 2.9156344, 2.84274354, 32511
bwp, 2001-11-20, 1.24276687, 1.22379333, 1.24276687, 1.21430656, 407093
boq, 2001-11-20, 5.78599375, 5.79525134, 5.8322817, 5.77673616, 48660
hta, 2001-11-20, 0.3, 0.295, 0.305, 0.295, 1785907
flt, 2001-11-20, 21.77166, 21.87153, 22.031322, 21.77166, 32308
bkw, 2001-11-20, 6.3, 6.25, 6.35, 6.25, 17905
sbm, 2001-11-20, 1.0242966, 0.998689185, 1.0242966, 0.947474355, 246113
cmw, 2001-11-20, 0.063551936, 0.05957994, 0.064544935, 0.05957994, 941592
nuf, 2001-11-20, 2.8442128, 2.8442128, 2.89926208, 2.8442128, 135051
ire, 2001-11-20, 2.09711, 2.106864, 2.106864, 2.077602, 597195
csr, 2001-11-20, 4.725796, 4.71537145, 4.795293, 4.6910475, 6237724
cqr, 2001-11-20, 8.1, 8.1, 8.15, 8.1, 39697
pnv, 2001-11-20, 0.66, 0.65, 0.67, 0.65, 92460
abc, 2001-11-20, 0.77123039, 0.76146798, 0.77123039, 0.76146798, 216258
hls, 2001-11-20, 3.2715095, 3.3133625, 3.3831175, 3.2715095, 21576
eld, 2001-11-20, 144.4626907, 143.65110255, 145.27427885, 142.8395144, 14007
ppt, 2001-11-20, 39.86, 39.308, 40, 39.3, 23672
wam, 2001-11-20, 1.245952, 1.245952, 1.245952, 1.236218, 91061
bkl, 2001-11-20, 6.4, 6.4, 6.46, 6.4, 5607
aiz, 2001-11-20, 1.4640666, 1.36646216, 1.51286882, 1.34206105, 675043
ape, 2001-11-20, 0.7850304, 0.7790832, 0.7889952, 0.7790832, 99294
arb, 2001-11-20, 2, 2, 2, 2, 34500
lyc, 2001-11-20, 1.2, 1.275, 1.275, 1.2, 8000
evt, 2001-11-20, 2.058792, 2.1249, 2.17212, 2.058792, 339979
isx, 2001-11-20, 2.39068011, 2.310990773, 2.39068011, 2.310990773, 7466
rsg, 2001-11-20, 0.415760375, 0.407007525, 0.415760375, 0.407007525, 433842
cuv, 2001-11-20, 1.578555, 1.482885, 1.578555, 1.482885, 45080
web, 2001-11-20, 0.164495186, 0.164495186, 0.164495186, 0.164495186, 5918
asb, 2001-11-20, 1.22, 1.21, 1.23, 1.21, 4286177
mnd, 2001-11-20, 0.41, 0.41, 0.41, 0.4075, 26000
avh, 2001-11-20, 0.379484976, 0.432436368, 0.432436368, 0.379484976, 29197
zim, 2001-11-20, 0.94, 0.88, 0.94, 0.88, 28420
ccp, 2001-11-20, 0.73, 0.73, 0.73, 0.73, 4000
gnc, 2001-11-20, 4.113824, 4.08016544, 4.113824, 4.04276704, 45309
lic, 2001-11-20, 1.59375, 1.5, 1.59375, 1.5, 168412
gud, 2001-11-20, 1.8, 1.84, 1.84, 1.8, 70308
shv, 2001-11-20, 1.70622963, 1.70622963, 1.70622963, 1.70622963, 5539
opt, 2001-11-20, 2.717172, 2.746494, 2.775816, 2.717172, 99514
jin, 2001-11-20, 0.19, 0.21, 0.21, 0.19, 5785
agg, 2001-11-20, 0.6467125, 0.6467125, 0.6467125, 0.6467125, 15424
mgx, 2001-11-20, 0.003342375, 0.003342375, 0.003342375, 0.003342375, 472712
gwa, 2001-11-20, 2.7337875, 2.72285235, 2.74472265, 2.7119172, 106641
nea, 2001-11-20, 0.49, 0.49, 0.49, 0.49, 21979
prn, 2001-11-20, 0.0949182, 0.0949182, 0.0949182, 0.0949182, 87071
dtl, 2001-11-20, 0.052, 0.055, 0.055, 0.052, 450000
era, 2001-11-20, 0.88975565, 0.89937463, 0.89937463, 0.88975565, 12823
hsn, 2001-11-20, 1.13328, 1.13328, 1.13328, 1.13328, 20648
aac, 2001-11-20, 0.78297576, 0.76433348, 0.78297576, 0.76433348, 215124
bub, 2001-11-20, 0.069, 0.065, 0.07, 0.06, 5218000
maq, 2001-11-20, 1.9, 1.95, 1.95, 1.8, 66656
ifm, 2001-11-20, 1.62, 1.62, 1.62, 1.61, 32372
cin, 2001-11-20, 8.6, 8.85, 8.85, 8.6, 12360
iri, 2001-11-20, 0.53, 0.52, 0.53, 0.52, 67531
djw, 2001-11-20, 3.383256, 3.4027, 3.4027, 3.363812, 67767
api, 2001-11-20, 2.4766, 2.54492, 2.54492, 2.4766, 148197
mah, 2001-11-20, 0.1171365, 0.1171365, 0.1171365, 0.11263125, 290772
eqt, 2001-11-20, 5.27519, 5.27519, 5.27519, 5.27519, 4474
alk, 2001-11-20, 0.1958436, 0.19094751, 0.20073969, 0.19094751, 124262
ccx, 2001-11-20, 4, 4.025, 4.05, 3.9875, 269438
imd, 2001-11-20, 0.22, 0.25, 0.25, 0.22, 98580
tbr, 2001-11-20, 0.69, 0.66, 0.69, 0.66, 18700
pmc, 2001-11-20, 2.01471708, 2.02449726, 2.02449726, 2.0049369, 137826
fgx, 2001-11-20, 265.44428196, 267.30053568, 271.01304312, 265.44428196, 1918
spl, 2001-11-20, 0.77, 0.77, 0.77, 0.77, 45750
vrl, 2001-11-20, 1.70536833, 1.65179655, 1.71429696, 1.62501066, 899514
mir, 2001-11-20, 1.00048, 1.0101, 1.0101, 0.99086, 191840
clv, 2001-11-20, 0.18, 0.18, 0.18, 0.18, 50000
cvn, 2001-11-20, 0.047640624, 0.047640624, 0.047640624, 0.047640624, 67505
rmc, 2001-11-20, 1.2, 1.18, 1.2, 1.18, 15800
ht1, 2001-11-20, 17.620186948, 17.2992729, 17.70041546, 17.19898726, 111203
ppk, 2001-11-20, 0.88, 0.87, 0.88, 0.87, 23356
sxy, 2001-11-20, 0.241850556, 0.250807984, 0.259765412, 0.241850556, 211925
zno, 2001-11-20, 21.875, 18.8125, 21.875, 18.8125, 571
mcp, 2001-11-20, 1.19946862, 1.1798052, 1.19946862, 1.1798052, 2902
grr, 2001-11-20, 0.06631443, 0.06631443, 0.06631443, 0.06631443, 8581
twr, 2001-11-20, 3.40118595, 3.45157389, 3.45157389, 3.40118595, 8919
emr, 2001-11-20, 2.978935, 2.83243, 3.02777, 2.83243, 410362
amh, 2001-11-20, 26.544, 27.04, 27.04, 26.4, 2023
dub, 2001-11-20, 22.6020975, 22.6020975, 22.6020975, 22.6020975, 3949
pac, 2001-11-20, 2.05, 2.15, 2.15, 2.05, 15722
tgg, 2001-11-20, 1.49413348, 1.50324405, 1.50324405, 1.49413348, 16926
ric, 2001-11-20, 1.03, 1.03, 1.04, 1.02, 261921
mcr, 2001-11-20, 0.16, 0.16, 0.16, 0.155, 467700
pdn, 2001-11-20, 0.0232622, 0.0223675, 0.0232622, 0.0223675, 346485
cdp, 2001-11-20, 2.06, 2.06, 2.06, 2.06, 3736
lvt, 2001-11-20, 27.1719, 28.0345, 28.0345, 27.1719, 268
wpp, 2001-11-20, 3.466155, 3.556185, 3.556185, 3.466155, 16483
aba, 2001-11-20, 4.5750852, 4.57608, 4.605924, 4.5750852, 27940
wzr, 2001-11-20, 0.56208, 0.56208, 0.56208, 0.56208, 854
clh, 2001-11-20, 4.51, 4.52, 4.59, 4.5, 127928
avj, 2001-11-20, 0.84781552, 0.8379572, 0.84781552, 0.8379572, 18259
fwd, 2001-11-20, 1.55168, 1.55168, 1.55168, 1.55168, 3300
swm, 2001-11-20, 4.79087263, 4.74559028, 4.7999291, 4.72747734, 155142
ewc, 2001-11-20, 0.06, 0.059, 0.06, 0.059, 182500
ajm, 2001-11-20, 0.13201419, 0.1257278, 0.13201419, 0.1257278, 69197
bsa, 2001-11-20, 0.065639, 0.0628259, 0.065639, 0.0628259, 122641
sfg, 2001-11-20, 0.15453085, 0.15453085, 0.15453085, 0.15453085, 11001
jrv, 2001-11-20, 0.693017556, 0.693017556, 0.693017556, 0.693017556, 808
avg, 2001-11-20, 4.17775, 4.1286, 4.19741, 4.1286, 90539
ccv, 2001-11-20, 0.045586, 0.045586, 0.045586, 0.045586, 125222
fsa, 2001-11-20, 0.165, 0.165, 0.165, 0.165, 39333
pcg, 2001-11-20, 2.76, 3, 3, 2.76, 11174
boc, 2001-11-20, 0.15, 0.145, 0.15, 0.145, 43160
agd, 2001-11-20, 0.8795157, 0.935655, 0.98243775, 0.8795157, 32227
gll, 2001-11-20, 0.14164672, 0.14164672, 0.14164672, 0.14164672, 1807
rct, 2001-11-20, 1.28, 1.25, 1.28, 1.25, 9071
mrc, 2001-11-20, 0.09975, 0.09975, 0.09975, 0.0947625, 75188
ans, 2001-11-20, 0.0141435, 0.0169722, 0.0169722, 0.0122577, 2455191
cmp, 2001-11-20, 0.7, 0.7, 0.71, 0.69, 57000
pan, 2001-11-20, 0.17787939, 0.16875737, 0.17787939, 0.16875737, 353703
sdi, 2001-11-20, 0.142, 0.148, 0.148, 0.142, 120000
pll, 2001-11-20, 2.42527, 2.42527, 2.42527, 2.42527, 964
kcn, 2001-11-20, 1.104088, 1.123124, 1.123124, 1.104088, 55226
top, 2001-11-20, 4.066559459, 4.066559459, 4.066559459, 4.066559459, 170
pos, 2001-11-20, 0.095736, 0.095736, 0.095736, 0.095736, 3964
a2b, 2001-11-20, 3.1, 3.05, 3.1, 3.05, 4240
wat, 2001-11-20, 1.69439, 1.69439, 1.69439, 1.69439, 22274
adn, 2001-11-20, 0.0698389, 0.0698389, 0.07682279, 0.0698389, 1010182
gow, 2001-11-20, 1.97198604, 1.97198604, 1.97198604, 1.97198604, 3610
ara, 2001-11-20, 0.24, 0.24, 0.24, 0.24, 19513
moz, 2001-11-20, 0.63388, 0.63388, 0.63388, 0.63388, 1025
afa, 2001-11-20, 0.504863262, 0.496158723, 0.504863262, 0.461340567, 132771
hzn, 2001-11-20, 0.12867471, 0.12867471, 0.12867471, 0.12867471, 95631
imm, 2001-11-20, 3.58574948, 4.028932, 4.59298248, 3.58574948, 732637
st1, 2001-11-20, 278.373512112, 278.373512112, 278.373512112, 278.373512112, 0
elx, 2001-11-20, 1.126632, 1.0833, 1.126632, 1.050801, 220787
mrm, 2001-11-20, 0.69236466, 0.68348819, 0.69236466, 0.67461172, 123349
aar, 2001-11-20, 0.22, 0.22, 0.22, 0.22, 6000
wec, 2001-11-20, 0.57265488, 0.57265488, 0.57265488, 0.57265488, 114
rdf, 2001-11-20, 0.9695659, 0.9695659, 0.978461, 0.9161953, 98706
ctm, 2001-11-20, 2.388189388, 2.388189388, 2.388189388, 2.388189388, 1165
bit, 2001-11-20, 0.38244255, 0.361369185, 0.4058574, 0.361369185, 340617
oec, 2001-11-20, 6.5, 6.1, 6.6, 6.1, 36672
slx, 2001-11-20, 2.716, 2.64, 2.75, 2.63, 40508
cai, 2001-11-20, 55.750833441, 55.750833441, 55.750833441, 55.750833441, 5
clf, 2001-11-20, 1.09, 1.07, 1.09, 1.07, 26317
tdl, 2001-11-20, 1.01316656, 1.229369067, 1.28455046, 1.01316656, 291383
dyl, 2001-11-20, 0.562651632, 0.54702242, 0.578280844, 0.54702242, 11525
ajl, 2001-11-20, 0.56722532, 0.57405936, 0.57405936, 0.56039128, 196955
hit, 2001-11-20, 0.3, 0.3, 0.3, 0.3, 5000
cue, 2001-11-20, 0.038894732, 0.03794608, 0.038894732, 0.036997428, 1174884
sta, 2001-11-20, 2.77995302, 3.047256195, 3.10071683, 2.77995302, 450838
try, 2001-11-20, 0.92429034, 0.92429034, 0.93335201, 0.906167, 50186
caa, 2001-11-20, 13.91062878, 14.03594976, 14.03594976, 13.91062878, 2981
cyg, 2001-11-20, 3.6204975, 3.5758, 3.6204975, 3.5758, 29163
agy, 2001-11-20, 0.12304974, 0.12666885, 0.12666885, 0.12304974, 55262
lko, 2001-11-20, 0.030709932, 0.030709932, 0.030709932, 0.028848724, 515794
ibc, 2001-11-20, 0.59385152, 0.58457259, 0.59385152, 0.58457259, 93761
nva, 2001-11-20, 0.43875, 0.43875, 0.43875, 0.43875, 8000
ptl, 2001-11-20, 23.13686196, 23.36040652, 23.4721788, 23.13686196, 386554
glb, 2001-11-20, 19.5263, 19.79876, 20.34368, 19.5263, 37848
sen, 2001-11-20, 0.0700035, 0.0766705, 0.086671, 0.06667, 7122815
dgh, 2001-11-20, 0.512564, 0.512564, 0.542135, 0.512564, 53566
fml, 2001-11-20, 3.4, 3.1, 3.4, 3.1, 7596
hil, 2001-11-20, 2.75, 2.75, 2.75, 2.74, 102668
pnw, 2001-11-20, 0.76698325, 0.732120375, 0.76698325, 0.732120375, 15776
vii, 2001-11-20, 0.395, 0.395, 0.395, 0.395, 17722
88e, 2001-11-20, 13.071704499, 12.620956068, 13.52245293, 12.620956068, 2023
fsi, 2001-11-20, 1.23475, 1.205116, 1.23475, 1.205116, 1744
rft, 2001-11-20, 0.0514269, 0.0514269, 0.0514269, 0.0514269, 27563
bot, 2001-11-20, 143.19, 139.86, 143.19, 139.86, 306
bcb, 2001-11-20, 11.558995, 12.0213548, 12.0213548, 11.558995, 378
rsh, 2001-11-20, 850.3516882, 819.98198505, 850.3516882, 819.98198505, 48
smc, 2001-11-20, 1.018332486, 0.968044462, 1.018332486, 0.968044462, 83598
bbl, 2001-11-20, 0.16, 0.14, 0.16, 0.14, 50000
lpd, 2001-11-20, 1.94070834, 1.94070834, 1.94070834, 1.94070834, 258
bd1, 2001-11-20, 0.61949657, 0.610646619, 0.672596276, 0.610646619, 136724
prt, 2001-11-20, 1.58832, 1.641264, 1.641264, 1.58832, 116160
ado, 2001-11-20, 3.16567557, 3.04153143, 3.16567557, 3.04153143, 13037
kza, 2001-11-20, 15.37909692, 14.145326085, 16.35463665, 13.86796675, 118627
law, 2001-11-20, 0.013509952, 0.013509952, 0.013509952, 0.013509952, 16580
erx, 2001-11-20, 0.06878887, 0.06641684, 0.06878887, 0.06641684, 48482
ivq, 2001-11-20, 37.007828, 34.718684, 37.770876, 34.33716, 10460
ige, 2001-11-20, 52.96815615, 50.445863, 52.96815615, 50.445863, 385
idt, 2001-11-20, 4.07339, 4.16812, 4.16812, 4.07339, 55962
tap, 2001-11-20, 1.02540165, 1.00950395, 1.04129935, 1.00950395, 399575
auz, 2001-11-20, 0.256178505, 0.302756415, 0.302756415, 0.256178505, 161343
sih, 2001-11-20, 0.257115104, 0.273184798, 0.273184798, 0.257115104, 42851
ada, 2001-11-20, 1.141904, 1.141904, 1.200968, 1.141904, 102851
ct1, 2001-11-20, 22.3630125, 23.10844625, 23.481163125, 22.3630125, 1256
gtg, 2001-11-20, 0.46665, 0.485316, 0.503982, 0.46665, 93177
onx, 2001-11-20, 2.5842393, 2.5842393, 2.75652192, 2.5842393, 8474
dse, 2001-11-20, 244.451427968, 244.451427968, 244.451427968, 244.451427968, 27
tfl, 2001-11-20, 0.1867, 0.1867, 0.1867, 0.1867, 4017
ksn, 2001-11-20, 18.852795, 18.852795, 20.30301, 18.852795, 880
ajx, 2001-11-20, 13.79103072, 14.16376128, 14.4433092, 13.69784808, 9508
mxi, 2001-11-20, 0.155, 0.155, 0.155, 0.155, 33000
paa, 2001-11-20, 1.06403635, 1.06403635, 1.06403635, 1.06403635, 92
ngy, 2001-11-20, 1.063202182, 1.215088208, 1.215088208, 1.063202182, 2660
wnr, 2001-11-20, 81.4555, 78.5806, 81.4555, 78.5806, 183
bno, 2001-11-20, 0.64623, 0.676056, 0.676056, 0.64623, 125292
tia, 2001-11-20, 20.248953771, 20.248953771, 20.248953771, 20.248953771, 169
prx, 2001-11-20, 1.6897494, 1.6897494, 1.6897494, 1.6897494, 3906
ses, 2001-11-20, 3.183602796, 2.91456594, 3.183602796, 2.91456594, 1595
vip, 2001-11-20, 557.115, 557.115, 557.115, 557.115, 6
ciw, 2001-11-20, 0.4182475, 0.4182475, 0.4182475, 0.4182475, 658
blu, 2001-11-20, 0.52, 0.52, 0.52, 0.52, 33588
kpo, 2001-11-20, 0.012822656, 0.012822656, 0.012822656, 0.012822656, 1715713
mcm, 2001-11-20, 7, 7.4, 7.4, 7, 688
coo, 2001-11-20, 0.8, 0.82, 0.82, 0.8, 26000
cwz, 2001-11-20, 0.251484, 0.247072, 0.251484, 0.247072, 35196
oil, 2001-11-20, 0.88, 0.91, 0.96, 0.88, 376881
hgo, 2001-11-20, 22.5030456, 22.5030456, 22.5030456, 22.5030456, 2
ags, 2001-11-20, 0.105741717, 0.105741717, 0.105741717, 0.105741717, 750
hrr, 2001-11-20, 1.5589455, 1.59606325, 1.633181, 1.5589455, 7059
btc, 2001-11-20, 0.415, 0.42, 0.42, 0.415, 39000
vpr, 2001-11-20, 5.879864123, 5.399875215, 5.879864123, 5.399875215, 4128
mgl, 2001-11-20, 11.995176, 11.14596, 12.03056, 10.79212, 30249
ptx, 2001-11-20, 117.27001325, 119.0741673, 120.87832135, 117.27001325, 288
vor, 2001-11-20, 4.25348, 3.8668, 4.25348, 3.8668, 2715
kai, 2001-11-20, 4.344267466, 4.033962647, 4.344267466, 4.033962647, 4704
ath, 2001-11-20, 0.985, 0.99, 1, 0.98, 13000
a1m, 2001-11-20, 12.96, 14.4, 14.4, 12.96, 250
lny, 2001-11-20, 12.24, 12.96, 12.96, 12, 4662
imc, 2001-11-20, 9.086649888, 9.65611296, 9.77990928, 9.086649888, 13669
bpp, 2001-11-20, 1.86414781, 1.86414781, 1.86414781, 1.86414781, 1127
nwe, 2001-11-20, 0.10393578, 0.10393578, 0.106245464, 0.10393578, 60614
ovt, 2001-11-20, 0.64, 0.64, 0.65, 0.64, 204172
hng, 2001-11-20, 1.145472, 1.145472, 1.145472, 1.145472, 15714
kbc, 2001-11-20, 0.67039, 0.67039, 0.67039, 0.67039, 1295
dvn, 2001-11-20, 1.31376218, 1.2817192, 1.31376218, 1.24967622, 1270219
knm, 2001-11-20, 1.62, 2.07, 2.07, 1.62, 271775
oau, 2001-11-20, 0.29439901, 0.29439901, 0.29439901, 0.29439901, 6284
cto, 2001-11-20, 0.061, 0.065, 0.065, 0.061, 42750
bar, 2001-11-20, 0.32, 0.32, 0.32, 0.32, 10000
may, 2001-11-20, 0.0956448, 0.08820576, 0.0956448, 0.08820576, 141928
rnt, 2001-11-20, 12.3077197, 12.3077197, 12.3077197, 12.3077197, 274
ave, 2001-11-20, 0.322245, 0.302715, 0.33201, 0.302715, 244761
cce, 2001-11-20, 0.025, 0.025, 0.025, 0.025, 125000
fyi, 2001-11-20, 3.19835952, 3.31681728, 3.31681728, 3.19835952, 76494
arq, 2001-11-20, 0.717912, 0.717912, 0.727883, 0.707941, 56313
eqe, 2001-11-20, 0.273084, 0.312096, 0.312096, 0.273084, 55880
aft, 2001-11-20, 0.024211778, 0.024211778, 0.025264464, 0.024211778, 467376
ect, 2001-11-20, 2.325, 2.3625, 2.3625, 2.325, 3200
hwk, 2001-11-20, 282.440739, 273.0260477, 282.440739, 273.0260477, 18
psa, 2001-11-20, 0.120077505, 0.120077505, 0.120077505, 0.120077505, 15740
bxn, 2001-11-20, 9.77256, 9.77256, 9.912168, 9.353736, 14166
dw8, 2001-11-20, 14.99895475, 15.59891294, 15.59891294, 14.698975655, 3300
cl8, 2001-11-20, 0.3926, 0.382785, 0.3926, 0.382785, 4075
tcn, 2001-11-20, 0.0684734, 0.0684734, 0.0684734, 0.0684734, 46003
cm8, 2001-11-20, 293.48119775, 293.48119775, 293.48119775, 293.48119775, 4
hyd, 2001-11-20, 1.88795, 1.88795, 1.88795, 1.88795, 485
clt, 2001-11-20, 0.5299385, 0.55032075, 0.55032075, 0.52586205, 1214437
are, 2001-11-20, 0.17509254, 0.17509254, 0.17509254, 0.17509254, 3243
yow, 2001-11-20, 675, 675, 675, 675, 4
srk, 2001-11-20, 0.084, 0.084, 0.084, 0.084, 3333
lmg, 2001-11-20, 0.051, 0.051, 0.054, 0.043, 419600
evz, 2001-11-20, 0.946754865, 0.946754865, 0.946754865, 0.946754865, 665
cym, 2001-11-20, 66506.502550551, 66506.502550551, 66506.502550551, 66506.502550551, 0
hhm, 2001-11-20, 0.04981291, 0.053370975, 0.053370975, 0.04981291, 232922
gmr, 2001-11-20, 0.95641588, 0.95641588, 0.95641588, 0.95641588, 2049
sri, 2001-11-20, 1.128, 1.14, 1.14, 1.104, 67676
icn, 2001-11-20, 0.056, 0.056, 0.056, 0.056, 159860
tnr, 2001-11-20, 9.371636274, 8.820363552, 9.922908996, 8.820363552, 2551
aqc, 2001-11-20, 338.71527, 338.71527, 338.71527, 338.71527, 158
meb, 2001-11-20, 11.570941005, 11.570941005, 11.570941005, 10.977559415, 7339
ady, 2001-11-20, 0.28464456, 0.265668256, 0.28464456, 0.2372038, 538773
ht8, 2001-11-20, 3888.9375, 3888.9375, 3888.9375, 3888.9375, 0
em1, 2001-11-20, 1.5714825, 1.5714825, 1.5714825, 1.5714825, 398
aur, 2001-11-20, 2.68510844, 2.68510844, 2.68510844, 2.68510844, 3128
cio, 2001-11-20, 720.009, 720.009, 720.009, 720.009, 4
jdr, 2001-11-20, 20.2054041, 20.2054041, 20.2054041, 20.2054041, 17
nor, 2001-11-20, 13.976512101, 18.635349468, 18.635349468, 13.976512101, 413
mrz, 2001-11-20, 1.03, 1.04, 1.05, 1.03, 143479
pcl, 2001-11-20, 0.05084365, 0.04991922, 0.05084365, 0.04991922, 407819
sxx, 2001-11-20, 0.035, 0.035625, 0.035625, 0.035, 41600
ncr, 2001-11-20, 0.085, 0.085, 0.085, 0.085, 40000
ahl, 2001-11-20, 268.54945632, 298.3882848, 298.3882848, 248.656904, 60
klr, 2001-11-20, 0.3, 0.3, 0.3, 0.3, 240
cad, 2001-11-20, 22.7575, 27.309, 29.58475, 22.7575, 917
gbp, 2001-11-20, 0.30625, 0.284375, 0.30625, 0.2625, 1052018
rmg, 2001-11-20, 439.73853, 450.46386, 450.46386, 439.73853, 2500
crl, 2001-11-20, 0.062, 0.062, 0.062, 0.061, 80500
ida, 2001-11-20, 0.06251988, 0.06251988, 0.06374576, 0.061294, 1633928
lsa, 2001-11-20, 3490.92, 3447.2835, 3490.92, 3403.647, 21
lio, 2001-11-20, 8.888644448, 8.888644448, 8.888644448, 8.888644448, 180
fun, 2001-11-20, 8.77889438, 8.63009956, 8.77889438, 8.33250992, 7880
ivo, 2001-11-20, 388.9, 388.9, 396.678, 388.9, 26
bnl, 2001-11-20, 12.3, 12.45, 12.45, 12, 6680
hgm, 2001-11-20, 3.760965, 3.66453, 3.8091825, 3.66453, 18661
hlx, 2001-11-20, 0.1940904, 0.19963584, 0.19963584, 0.18854496, 60318
mls, 2001-11-20, 0.011, 0.011, 0.011, 0.011, 130070
var, 2001-11-20, 1.0588609, 1.0588609, 1.0588609, 1.0588609, 9350
atp, 2001-11-20, 0.361424944, 0.38303187, 0.38303187, 0.361424944, 140511
ser, 2001-11-20, 0.015987524, 0.01549811, 0.015987524, 0.01549811, 508772
apg, 2001-11-20, 0.094, 0.094, 0.094, 0.09, 176500
sf1, 2001-11-20, 18.913504935, 16.585688943, 18.913504935, 16.585688943, 962
dlc, 2001-11-20, 0.0583068, 0.0583068, 0.06025036, 0.0583068, 148043
blz, 2001-11-20, 8.25, 8.25, 8.25, 8.25, 60
svd, 2001-11-20, 1.99995, 2.6666, 2.6666, 1.99995, 9208
cfe, 2001-11-20, 0.05619972, 0.06088303, 0.06088303, 0.05619972, 53381
add, 2001-11-20, 11.75272, 11.75272, 11.75272, 11.75272, 138
bel, 2001-11-20, 0.7, 0.71, 0.71, 0.7, 25277
lgr, 2001-11-20, 0.54, 0.54, 0.54, 0.54, 2173
cul, 2001-11-20, 0.332432964, 0.350901462, 0.350901462, 0.332432964, 19384
rcp, 2001-11-20, 327.36933036, 327.36933036, 327.36933036, 327.36933036, 5
svs, 2001-11-20, 0.555, 0.6, 0.6, 0.55, 10667
rdn, 2001-11-20, 280.12635, 280.12635, 283.238865, 280.12635, 4
gcr, 2001-11-20, 1.67025, 1.8078, 1.8078, 1.67025, 14758
val, 2001-11-20, 0.796598335, 0.796598335, 0.796598335, 0.796598335, 8160
mpr, 2001-11-20, 0.090254745, 0.090254745, 0.090254745, 0.090254745, 11634
srn, 2001-11-20, 2.5245024, 2.69280256, 2.69280256, 2.5245024, 17078
ign, 2001-11-20, 0.831372, 0.90782, 0.90782, 0.831372, 35229
rmi, 2001-11-20, 8.586759846, 6.577092648, 8.586759846, 6.577092648, 7110
icu, 2001-11-20, 3885.861, 3885.861, 3885.861, 3885.861, 4
pch, 2001-11-20, 45.7272, 47.25144, 47.25144, 44.96508, 525
prm, 2001-11-20, 18.758570976, 19.279642392, 19.279642392, 18.758570976, 427
oeq, 2001-11-20, 0.095, 0.095, 0.095, 0.095, 14400
