csl, 2010-08-06, 33.55, 33.68, 33.8, 33.47, 1470519
cba, 2010-08-06, 52.405474, 52.306014, 52.504934, 51.878336, 3573894
bhp, 2010-08-06, 36.94668, 37.26378, 37.26378, 36.8742, 22825877
wbc, 2010-08-06, 23.35998005, 23.33034794, 23.41924427, 23.17231002, 5978341
nab, 2010-08-06, 24.657359, 24.677077, 24.74609, 24.460179, 3302862
wow, 2010-08-06, 26.11, 26.44, 26.52, 26.05, 4107919
anz, 2010-08-06, 23.12, 23.05, 23.15, 22.89, 3752838
wes, 2010-08-06, 22.55952261, 22.74709779, 22.76874108, 22.52345046, 2751684
tcl, 2010-08-06, 4.30144971, 4.32069557, 4.33994143, 4.30144971, 9252338
tls, 2010-08-06, 3.28, 3.31, 3.31, 3.27, 53674844
fmg, 2010-08-06, 4.38, 4.49, 4.54, 4.36, 9180226
mqg, 2010-08-06, 38.903304, 38.89347, 39.011478, 38.411604, 1385596
rio, 2010-08-06, 73.02, 73.2, 73.32, 72.63, 2303112
gmg, 2010-08-06, 3.15, 3.125, 3.15, 3.125, 1671629
ncm, 2010-08-06, 34.25, 34.5, 34.52, 34.21, 1682000
wpl, 2010-08-06, 42.107362, 41.840359, 42.107362, 41.682135, 1393299
bxb, 2010-08-06, 5.441556, 5.381868, 5.481348, 5.381868, 4155599
fph, 2010-08-06, 2.34, 2.31, 2.34, 2.3, 85098
all, 2010-08-06, 3.48, 3.63, 3.63, 3.44, 1964490
asx, 2010-08-06, 29.3381, 29.51531, 29.623605, 29.25934, 461718
rhc, 2010-08-06, 14.38, 14.34, 14.48, 14.25, 192017
amc, 2010-08-06, 5.92059, 5.88393, 5.95725, 5.82894, 7662255
apa, 2010-08-06, 3.58607282, 3.56689596, 3.58607282, 3.55730753, 448571
shl, 2010-08-06, 10.79, 10.75, 10.79, 10.63, 702219
iag, 2010-08-06, 3.436545, 3.48635, 3.48635, 3.426584, 9510118
syd, 2010-08-06, 3.07, 3.1, 3.1, 3.06, 1553712
coh, 2010-08-06, 70.32, 70.29, 70.56, 70.12, 313113
rea, 2010-08-06, 10.82, 10.87, 10.93, 10.8, 7043
qbe, 2010-08-06, 17.35, 17.23, 17.39, 17.13, 4750533
sun, 2010-08-06, 8.517273, 8.476077, 8.579067, 8.476077, 5846405
agl, 2010-08-06, 13.96036688, 14.13731616, 14.1559424, 13.88586192, 1025097
nst, 2010-08-06, 0.084, 0.077, 0.085, 0.077, 1434760
dxs, 2010-08-06, 4.95, 4.98, 5.04, 4.92, 5228257
mfg, 2010-08-06, 1.24, 1.24, 1.24, 1.2, 43490
sto, 2010-08-06, 11.75715, 11.739732, 11.783277, 11.704896, 1865824
jhx, 2010-08-06, 6.27, 6.27, 6.33, 6.2, 1491825
evn, 2010-08-06, 1.40707796, 1.4339648, 1.43844594, 1.40259682, 3011813
org, 2010-08-06, 13.47318155, 13.44768026, 13.49018241, 13.36267596, 1367387
rmd, 2010-08-06, 3.675, 3.615, 3.72, 3.555, 12076114
mgr, 2010-08-06, 1.365, 1.355, 1.375, 1.34, 9788295
aia, 2010-08-06, 1.5788905, 1.5491935, 1.5788905, 1.534345, 46970
spk, 2010-08-06, 1.27512, 1.2672, 1.28304, 1.26324, 2577271
gpt, 2010-08-06, 2.92, 2.89, 2.94, 2.89, 2807912
llc, 2010-08-06, 7.39, 7.29, 7.39, 7.28, 930853
cim, 2010-08-06, 29.223453, 29.858958, 29.91762, 29.223453, 764394
ast, 2010-08-06, 0.7744025, 0.7744025, 0.7842675, 0.76947, 3260835
afi, 2010-08-06, 5.07, 5.05, 5.08, 5.05, 165108
tpm, 2010-08-06, 1.78815, 1.78815, 1.78815, 1.7635875, 166507
ori, 2010-08-06, 25, 25.22, 25.35, 24.94, 813254
sgp, 2010-08-06, 3.86, 3.84, 3.87, 3.82, 3271006
cpu, 2010-08-06, 10.2, 10.33, 10.37, 10.2, 1376798
tah, 2010-08-06, 3.0846867, 3.06627066, 3.09849873, 3.04785462, 17624173
ccl, 2010-08-06, 11.56, 11.6, 11.68, 11.51, 1981749
cwn, 2010-08-06, 8.07, 8.15, 8.19, 8.07, 719450
ctx, 2010-08-06, 10.32, 10.33, 10.41, 10.25, 480412
sek, 2010-08-06, 7.7, 7.6, 7.77, 7.54, 519370
osh, 2010-08-06, 5.787936, 5.79768, 5.817168, 5.778192, 3209531
reh, 2010-08-06, 4.6643165, 4.7154, 4.7154, 4.4992775, 22736
alx, 2010-08-06, 1.2576855, 1.29180875, 1.30155825, 1.24306125, 2590601
sar, 2010-08-06, 0.434348915, 0.424802785, 0.43912198, 0.42002972, 2990286
arg, 2010-08-06, 6.08, 6.07, 6.08, 6.03, 151149
qan, 2010-08-06, 2.59, 2.62, 2.62, 2.56, 8556878
dmp, 2010-08-06, 5.1739344, 5.19309712, 5.19309712, 5.1739344, 2646
bsl, 2010-08-06, 12.4509, 12.4509, 12.50172, 12.34926, 1160668
amp, 2010-08-06, 5.42, 5.42, 5.45, 5.39, 3821315
vas, 2010-08-06, 58.5, 58.69, 58.69, 58.46, 4888
svw, 2010-08-06, 6.4, 6.48, 6.51, 6.35, 492493
alu, 2010-08-06, 0.23, 0.23, 0.23, 0.225, 29000
qub, 2010-08-06, 0.79835044, 0.79835044, 0.79835044, 0.79835044, 4159
sol, 2010-08-06, 13.28, 13.28, 13.29, 13.09, 9934
awc, 2010-08-06, 1.63, 1.64, 1.64, 1.615, 8971789
wor, 2010-08-06, 22.05253952, 22.0149072, 22.09017184, 21.90201024, 640353
ann, 2010-08-06, 13.26, 13.35, 13.35, 13.21, 305725
jbh, 2010-08-06, 19.491267, 19.313445, 19.599936, 19.007196, 968628
ipl, 2010-08-06, 3.37, 3.46, 3.47, 3.37, 10503585
cwy, 2010-08-06, 0.968529185, 0.968529185, 0.97291167, 0.94661676, 1870746
chc, 2010-08-06, 2.52, 2.52, 2.56, 2.5, 317527
hvn, 2010-08-06, 3.2841282, 3.2746365, 3.3031116, 3.2461614, 1995980
car, 2010-08-06, 5.06, 5.04, 5.06, 5, 106529
ski, 2010-08-06, 1.1339977, 1.1339977, 1.138802775, 1.129192625, 2415653
stw, 2010-08-06, 42.72, 42.8, 42.8, 42.6, 140709
min, 2010-08-06, 8.78, 8.61, 8.78, 8.53, 253937
bpt, 2010-08-06, 0.675468415, 0.6803279, 0.685187385, 0.675468415, 2120052
bld, 2010-08-06, 4.044012, 4.081284, 4.090602, 4.016058, 6557879
tne, 2010-08-06, 0.86, 0.87, 0.87, 0.855, 174657
ilu, 2010-08-06, 5.45, 5.47, 5.48, 5.32, 1933401
ivv, 2010-08-06, 124, 124.01, 124.03, 123.68, 1487
ben, 2010-08-06, 8.27, 8.27, 8.3, 8.22, 787219
alq, 2010-08-06, 5.941952, 5.94937944, 5.9605206, 5.92895398, 715040
ozl, 2010-08-06, 12.4, 12.55, 12.55, 12.35, 1941210
igo, 2010-08-06, 5.643351, 5.623445, 5.653304, 5.603539, 312777
pme, 2010-08-06, 0.49, 0.52, 0.52, 0.49, 56700
cgf, 2010-08-06, 3.64, 3.62, 3.64, 3.56, 929807
brg, 2010-08-06, 2.21, 2.25, 2.25, 2.21, 129514
fbu, 2010-08-06, 5.74609, 5.78427, 5.80336, 5.74609, 470518
mlt, 2010-08-06, 3.302, 3.28, 3.302, 3.278, 149695
rrl, 2010-08-06, 1.055, 1.045, 1.06, 1.045, 582242
pmv, 2010-08-06, 6.52, 6.51, 6.6, 6.42, 358446
mts, 2010-08-06, 4.41, 4.42, 4.43, 4.4, 1178328
dow, 2010-08-06, 4.45545504, 4.43723232, 4.48278912, 4.40989824, 3750320
bwp, 2010-08-06, 1.86159494, 1.85177122, 1.87141866, 1.85177122, 501862
ptm, 2010-08-06, 5.48, 5.45, 5.48, 5.31, 201149
nhf, 2010-08-06, 1.295, 1.305, 1.32, 1.285, 191773
boq, 2010-08-06, 10.120509, 10.0823184, 10.1586996, 10.03458015, 439587
nan, 2010-08-06, 0.6, 0.61, 0.615, 0.6, 391986
hta, 2010-08-06, 0.099, 0.105, 0.105, 0.099, 1353890
flt, 2010-08-06, 19.3, 19.4, 19.51, 19.25, 168787
msb, 2010-08-06, 1.9305, 1.9602, 1.9701, 1.9206, 92371
bkw, 2010-08-06, 11.86, 11.9, 11.98, 11.81, 23661
sbm, 2010-08-06, 1.655964, 1.714068, 1.714068, 1.655964, 479249
cmw, 2010-08-06, 0.70864794, 0.70864794, 0.71360352, 0.70864794, 195221
nuf, 2010-08-06, 3.7869124, 3.834848, 3.85402224, 3.71021544, 2693511
ire, 2010-08-06, 8.320162, 8.38844, 8.417702, 8.271392, 108343
pdl, 2010-08-06, 2.758911, 2.769244, 2.769244, 2.748578, 66414
whc, 2010-08-06, 6.11, 6.13, 6.21, 5.97, 1947665
slr, 2010-08-06, 2.08, 2.07, 2.08, 2.03, 524591
ioo, 2010-08-06, 31.65, 31.7, 31.725, 31.6, 11614
csr, 2010-08-06, 5.16, 5.16, 5.19, 5.13, 1298692
voc, 2010-08-06, 0.682065, 0.65241, 0.682065, 0.65241, 24785
cqr, 2010-08-06, 2.65, 2.65, 2.675, 2.65, 517363
abc, 2010-08-06, 3.2, 3.2, 3.2, 3.15, 2970518
mff, 2010-08-06, 0.628355, 0.618688, 0.628355, 0.618688, 139909
abp, 2010-08-06, 2.141615, 2.141615, 2.141615, 2.1167125, 431431
skc, 2010-08-06, 2.392412, 2.382526, 2.402298, 2.352868, 18812
hls, 2010-08-06, 3.3768, 3.357504, 3.3768, 3.347856, 980569
ivc, 2010-08-06, 6.3, 6.38, 6.4, 6.26, 192555
eld, 2010-08-06, 3.85504395, 4.09852041, 4.09852041, 3.81446454, 1643851
ifl, 2010-08-06, 6.52, 6.58, 6.59, 6.51, 509015
gor, 2010-08-06, 0.090636, 0.09462, 0.09462, 0.088644, 1229719
ppt, 2010-08-06, 31.25, 31.4, 31.56, 31.04, 113390
wam, 2010-08-06, 1.304356, 1.294622, 1.304356, 1.284888, 67535
sul, 2010-08-06, 5.335116, 5.27856, 5.335116, 5.250282, 25434
bkl, 2010-08-06, 22.8, 23.48, 23.48, 22.8, 1633
aiz, 2010-08-06, 0.91, 0.91, 0.91, 0.91, 5000
ape, 2010-08-06, 2.52, 2.52, 2.52, 2.52, 2000
arb, 2010-08-06, 5.91, 5.9, 5.94, 5.83, 37134
sgm, 2010-08-06, 17.7, 17.8, 17.93, 17.7, 410733
z1p, 2010-08-06, 1.689406875, 1.689406875, 1.78878375, 1.623155625, 121186
pru, 2010-08-06, 2.345115, 2.305535, 2.35501, 2.285745, 997777
lyc, 2010-08-06, 8.55, 8.6, 8.75, 8.45, 2884846
evt, 2010-08-06, 5.75, 5.7, 5.88, 5.63, 66780
isx, 2010-08-06, 0.018334, 0.018334, 0.018334, 0.018334, 331624
cda, 2010-08-06, 1.535, 1.535, 1.535, 1.535, 5000
ina, 2010-08-06, 0.316504944, 0.33911244, 0.33911244, 0.316504944, 96789
rms, 2010-08-06, 0.428366, 0.428366, 0.433347, 0.423385, 409154
rsg, 2010-08-06, 0.795, 0.785, 0.8, 0.775, 105239
nhc, 2010-08-06, 4.87, 4.84, 4.88, 4.81, 189310
cuv, 2010-08-06, 2.3, 2.3, 2.3, 2.2, 18066
web, 2010-08-06, 1.59615977, 1.55433899, 1.59615977, 1.54736886, 229354
jhg, 2010-08-06, 23.1, 23.3, 23.4, 23.1, 139160
asb, 2010-08-06, 2.26, 2.28, 2.31, 2.26, 80042
mnd, 2010-08-06, 14.17, 14.28, 14.3, 14.1, 723301
obl, 2010-08-06, 1.517208, 1.487652, 1.517208, 1.482726, 45918
bki, 2010-08-06, 1.25032068, 1.25032068, 1.25528227, 1.2403975, 100510
aui, 2010-08-06, 6.58878, 6.58878, 6.58878, 6.58878, 3152
aub, 2010-08-06, 4.778048, 4.827408, 4.827408, 4.758304, 8047
ccp, 2010-08-06, 2.84, 2.87, 2.88, 2.84, 38066
ssm, 2010-08-06, 0.2669622, 0.26251283, 0.2669622, 0.26251283, 301093
dui, 2010-08-06, 2.897156, 2.96521, 2.96521, 2.897156, 55853
gnc, 2010-08-06, 2.79613864, 2.81825999, 2.83595707, 2.77844156, 6034772
lep, 2010-08-06, 2.07, 2.04, 2.08, 2.04, 59129
tgr, 2010-08-06, 1.41, 1.39, 1.41, 1.385, 524385
gud, 2010-08-06, 9.6, 9.67, 9.7, 9.53, 105828
cqe, 2010-08-06, 0.5837172, 0.58858151, 0.59344582, 0.5837172, 134180
shv, 2010-08-06, 3.4305146, 3.43954227, 3.43954227, 3.4305146, 2692
opt, 2010-08-06, 0.654858, 0.654858, 0.674406, 0.654858, 40532
sfr, 2010-08-06, 5.33682, 5.623427, 5.623427, 5.307171, 674522
ixj, 2010-08-06, 26.575, 26.575, 26.575, 26.575, 230
vah, 2010-08-06, 0.309834945, 0.30491693, 0.309834945, 0.299998915, 4556326
myx, 2010-08-06, 0.43288241, 0.44755639, 0.44755639, 0.43288241, 2123650
gem, 2010-08-06, 0.6, 0.6, 0.6, 0.6, 20000
cni, 2010-08-06, 0.59580408, 0.59580408, 0.59580408, 0.59580408, 1147
mgx, 2010-08-06, 1.73, 1.76, 1.795, 1.725, 6207072
pni, 2010-08-06, 0.99, 0.99, 0.99, 0.99, 829
gwa, 2010-08-06, 3.395601, 3.428568, 3.428568, 3.384612, 221873
nea, 2010-08-06, 0.13, 0.13, 0.135, 0.13, 292000
prn, 2010-08-06, 1.738464, 1.714584, 1.74324, 1.709808, 206933
dtl, 2010-08-06, 0.9, 0.87, 0.9, 0.87, 56350
ocl, 2010-08-06, 0.35, 0.3, 0.35, 0.265, 141824
nwh, 2010-08-06, 1.15, 1.145, 1.155, 1.12, 592158
era, 2010-08-06, 6.79580937, 6.67557212, 6.81504733, 6.66114365, 432998
iem, 2010-08-06, 46, 46.16, 46.25, 45.95, 5611
waf, 2010-08-06, 0.245, 0.25, 0.255, 0.24, 224160
hsn, 2010-08-06, 0.63, 0.63, 0.64, 0.63, 29500
kmd, 2010-08-06, 0.97748414, 0.93529058, 0.97748414, 0.91770993, 2603891
sig, 2010-08-06, 0.47, 0.47, 0.47, 0.46, 1560061
hub, 2010-08-06, 2.01856, 2.0501, 2.0501, 2.01856, 14268
aac, 2010-08-06, 1.419702, 1.438506, 1.447908, 1.405599, 284329
maq, 2010-08-06, 5.6, 5.65, 5.65, 5.6, 22150
coe, 2010-08-06, 0.34233114, 0.35485545, 0.35903022, 0.33815637, 911027
wsa, 2010-08-06, 4.82, 4.86, 4.89, 4.74, 639394
ifm, 2010-08-06, 0.245, 0.25, 0.25, 0.24, 357700
cin, 2010-08-06, 16.95, 17.15, 17.15, 16.95, 5336
iri, 2010-08-06, 0.41, 0.41, 0.41, 0.41, 12640
djw, 2010-08-06, 4.1, 4.07, 4.1, 4.02, 63740
mms, 2010-08-06, 5.58, 5.63, 5.63, 5.49, 103879
sfy, 2010-08-06, 44.05, 44.2, 44.2, 43.98, 15179
api, 2010-08-06, 0.42, 0.415, 0.42, 0.415, 325794
ifn, 2010-08-06, 0.78368, 0.773884, 0.78368, 0.764088, 837507
iaa, 2010-08-06, 44.3, 44.37, 44.59, 44.19, 2389
ore, 2010-08-06, 2.240775, 2.041595, 2.240775, 2.001759, 226050
red, 2010-08-06, 1.35, 1.4, 1.4, 1.35, 537258
ieu, 2010-08-06, 40.65, 40.64, 40.65, 40.64, 47879
mah, 2010-08-06, 0.64, 0.63, 0.64, 0.625, 2799531
mvp, 2010-08-06, 0.19, 0.19, 0.19, 0.19, 5000
cmm, 2010-08-06, 0.36018598, 0.3040531, 0.36018598, 0.3040531, 76960
eqt, 2010-08-06, 13.402559, 13.331031, 13.635025, 13.331031, 10559
alk, 2010-08-06, 0.400994145, 0.410895235, 0.410895235, 0.3960436, 1745829
slf, 2010-08-06, 8, 7.98, 8.01, 7.97, 57491
deg, 2010-08-06, 6.934680324, 7.249893066, 7.249893066, 6.934680324, 11656
ccx, 2010-08-06, 1.24, 1.24, 1.25, 1.235, 46164
whf, 2010-08-06, 3.03, 3.04, 3.04, 3.03, 49000
sxl, 2010-08-06, 1.7997085, 1.7719495, 1.7997085, 1.7626965, 627987
bgl, 2010-08-06, 0.165312, 0.165312, 0.165312, 0.165312, 16333
imd, 2010-08-06, 0.815, 0.84, 0.84, 0.815, 221814
fxl, 2010-08-06, 1.26737, 1.247872, 1.26737, 1.247872, 130577
tbr, 2010-08-06, 1.02, 1.02, 1.02, 1.02, 14000
pmc, 2010-08-06, 1.446714, 1.446714, 1.446714, 1.446714, 37446
fgx, 2010-08-06, 415.8, 419.1, 425.7, 413.6, 20041
spl, 2010-08-06, 0.53, 0.525, 0.53, 0.525, 36523
ehl, 2010-08-06, 6.881612595, 6.881612595, 6.977858925, 6.83348943, 119830
vrl, 2010-08-06, 1.968049, 1.968049, 1.968049, 1.968049, 11694
cwp, 2010-08-06, 2.17, 2.15, 2.25, 2.15, 7237
mir, 2010-08-06, 1.65, 1.68, 1.71, 1.65, 133803
clv, 2010-08-06, 0.265, 0.265, 0.265, 0.265, 5000
ppc, 2010-08-06, 1.96, 2, 2, 1.96, 251757
ive, 2010-08-06, 58.4, 58.4, 58.4, 58.4, 20
mys, 2010-08-06, 3.01, 3.03, 3.1, 3, 18008
chn, 2010-08-06, 0.438236, 0.44316, 0.44316, 0.438236, 62952
leg, 2010-08-06, 0.026, 0.026, 0.026, 0.026, 855000
bfg, 2010-08-06, 0.91321, 0.8986375, 0.91321, 0.89378, 66907
cvn, 2010-08-06, 0.379012, 0.388986, 0.388986, 0.379012, 2108095
rmc, 2010-08-06, 0.935, 0.935, 0.935, 0.935, 3282
ht1, 2010-08-06, 10.76623163, 10.8177447, 10.92077084, 10.76623163, 123035
pet, 2010-08-06, 0.084575, 0.074625, 0.084575, 0.074625, 1529286
kar, 2010-08-06, 6.574425, 6.592815, 6.63879, 6.519255, 100725
gxy, 2010-08-06, 2.0430775, 2.00069, 2.0600325, 1.983735, 480277
sxy, 2010-08-06, 0.274019805, 0.26921244, 0.27882717, 0.26921244, 420286
zno, 2010-08-06, 11, 11.5, 11.5, 11, 2762
mcp, 2010-08-06, 2.697152, 2.7269, 2.7269, 2.697152, 14331
ijp, 2010-08-06, 42.8, 43.16, 43.2, 42.8, 868
stx, 2010-08-06, 0.19503864, 0.19503864, 0.19979568, 0.19503864, 293575
grr, 2010-08-06, 0.55, 0.565, 0.565, 0.54, 2087323
smr, 2010-08-06, 0.79523426, 0.85071572, 0.85071572, 0.79523426, 307043
pia, 2010-08-06, 0.826265, 0.81631, 0.826265, 0.81631, 143710
ami, 2010-08-06, 0.22885, 0.20895, 0.22885, 0.20895, 209980
twr, 2010-08-06, 1.48, 1.46, 1.485, 1.455, 37224
omh, 2010-08-06, 1.4, 1.4, 1.415, 1.395, 780840
emr, 2010-08-06, 0.19534, 0.19534, 0.19534, 0.19534, 51193
wax, 2010-08-06, 0.705, 0.705, 0.71, 0.705, 172821
amh, 2010-08-06, 0.65, 0.65, 0.65, 0.645, 50776
pac, 2010-08-06, 4.85, 4.85, 4.85, 4.85, 600
tgg, 2010-08-06, 0.709425675, 0.72390375, 0.72390375, 0.70459965, 200624
ric, 2010-08-06, 1.19, 1.185, 1.195, 1.165, 154625
mcr, 2010-08-06, 2.03, 2.01, 2.03, 2, 756135
pdn, 2010-08-06, 3.623535, 3.5788, 3.623535, 3.543012, 3057482
srv, 2010-08-06, 2.87, 3.09, 3.09, 2.87, 667272
myr, 2010-08-06, 3.220528, 3.257976, 3.286062, 3.220528, 3255783
ngi, 2010-08-06, 0.7, 0.72, 0.72, 0.7, 13462
wpp, 2010-08-06, 0.93, 0.93, 0.95, 0.925, 248340
tgp, 2010-08-06, 0.64778739, 0.64050888, 0.64778739, 0.64050888, 41217
ogc, 2010-08-06, 3.13, 3.09, 3.14, 3.05, 1443872
aba, 2010-08-06, 10.5, 10.5, 10.5, 10.49, 8631
ksc, 2010-08-06, 2.597, 2.597, 2.597, 2.597, 19240
ltr, 2010-08-06, 0.036019748, 0.0391519, 0.0391519, 0.036019748, 53050
caj, 2010-08-06, 0.033, 0.033, 0.033, 0.033, 20000
bse, 2010-08-06, 0.0888611, 0.0888611, 0.0888611, 0.0888611, 33761
trs, 2010-08-06, 16.144668, 16.086384, 16.164096, 16.047528, 52947
lyl, 2010-08-06, 3.2, 3.21, 3.21, 3.2, 21940
ixi, 2010-08-06, 31.4, 31.285, 31.425, 31.285, 7956
hlo, 2010-08-06, 4.98, 4.98, 4.98, 4.98, 108
pnr, 2010-08-06, 0.1981735, 0.203007, 0.203007, 0.1981735, 114421
fri, 2010-08-06, 1.04, 1, 1.04, 1, 166599
alf, 2010-08-06, 1.037842, 1.042496, 1.042496, 1.02388, 41150
wzr, 2010-08-06, 0.5, 0.5, 0.5, 0.5, 2135
aei, 2010-08-06, 0.08, 0.08, 0.08, 0.08, 50000
mau, 2010-08-06, 0.37, 0.395, 0.395, 0.37, 141450
cvw, 2010-08-06, 0.411208545, 0.411208545, 0.411208545, 0.411208545, 15868
flc, 2010-08-06, 14, 14, 14, 14, 100
cdm, 2010-08-06, 0.694695365, 0.694695365, 0.694695365, 0.694695365, 5362
neu, 2010-08-06, 0.398772, 0.398772, 0.398772, 0.398772, 5517
rfg, 2010-08-06, 2.59, 2.56, 2.6, 2.56, 86769
clh, 2010-08-06, 0.8, 0.79, 0.8, 0.79, 51340
sdg, 2010-08-06, 0.65, 0.645, 0.655, 0.645, 413540
ima, 2010-08-06, 0.409944535, 0.4504885, 0.4504885, 0.409944535, 212082
avj, 2010-08-06, 0.422303, 0.422303, 0.422303, 0.4173925, 31905
mml, 2010-08-06, 4.05, 4, 4.07, 3.97, 491593
clq, 2010-08-06, 0.270560125, 0.2754794, 0.2754794, 0.270560125, 18295
ezl, 2010-08-06, 1.19, 1.175, 1.19, 1.175, 105128
ijr, 2010-08-06, 31.9, 31.9, 31.9, 31.9, 1600
vtg, 2010-08-06, 0.265, 0.26, 0.265, 0.26, 13600
pbp, 2010-08-06, 1.44, 1.39, 1.45, 1.39, 68763
so4, 2010-08-06, 5.812425, 6.19992, 6.19992, 5.68326, 66496
far, 2010-08-06, 0.0567777, 0.0557816, 0.0577738, 0.0557816, 422899
mmi, 2010-08-06, 0.298933, 0.2941115, 0.298933, 0.2844685, 95925
fwd, 2010-08-06, 9.60102, 9.688302, 9.698, 9.60102, 62244
slm, 2010-08-06, 3.897349, 3.887532, 3.897349, 3.858081, 36051
cvc, 2010-08-06, 0.84, 0.85, 0.85, 0.8, 19526
egn, 2010-08-06, 1.345315, 1.311682125, 1.345315, 1.311682125, 34330
ppg, 2010-08-06, 0.3318215, 0.3318215, 0.3318215, 0.3318215, 1210
imu, 2010-08-06, 0.05946096, 0.05946096, 0.05946096, 0.05946096, 6360
pps, 2010-08-06, 0.1633335, 0.168283, 0.168283, 0.1633335, 50510
swm, 2010-08-06, 6.23085136, 6.21273842, 6.2489643, 6.17651254, 1264808
bye, 2010-08-06, 2.231936, 2.231936, 2.231936, 2.231936, 545
ewc, 2010-08-06, 0.49, 0.49, 0.505, 0.475, 1345843
cdd, 2010-08-06, 1.02310206, 1.01292194, 1.02310206, 0.9925617, 224559
ajm, 2010-08-06, 0.118001, 0.118001, 0.118001, 0.118001, 141964
rex, 2010-08-06, 1.05, 1.05, 1.05, 1.045, 20083
dnk, 2010-08-06, 0.59446855, 0.59446855, 0.59446855, 0.56703154, 46268
bcn, 2010-08-06, 0.013207904, 0.013207904, 0.013207904, 0.013207904, 3520619
bsa, 2010-08-06, 0.206294, 0.206294, 0.206294, 0.196917, 90110
sfg, 2010-08-06, 0.1272607, 0.1272607, 0.1272607, 0.1272607, 1650
jrv, 2010-08-06, 0.164197746, 0.218930328, 0.218930328, 0.164197746, 61682
avg, 2010-08-06, 0.24575, 0.24575, 0.25558, 0.24575, 27669
ccv, 2010-08-06, 0.540095, 0.55496, 0.56487, 0.540095, 283159
wgo, 2010-08-06, 0.73115688, 0.73115688, 0.73115688, 0.73115688, 1313
ijh, 2010-08-06, 84.57, 84.57, 84.57, 84.57, 283
wic, 2010-08-06, 1, 1, 1, 0.985, 310000
fsa, 2010-08-06, 0.35, 0.35, 0.35, 0.35, 6666
wja, 2010-08-06, 0.53634948, 0.53634948, 0.53634948, 0.53634948, 484
sxe, 2010-08-06, 1.1, 1.1, 1.1, 1.1, 21000
ter, 2010-08-06, 3.29439, 3.244475, 3.444135, 3.09473, 243599
pcg, 2010-08-06, 5.45, 5.67, 5.67, 5.45, 4176
apz, 2010-08-06, 4.04999, 4.04999, 4.04999, 4.006905, 15682
blk, 2010-08-06, 0.16720548, 0.16398999, 0.16720548, 0.16398999, 116623
boc, 2010-08-06, 0.78, 0.78, 0.82, 0.77, 22914
sdv, 2010-08-06, 0.223032, 0.223032, 0.223032, 0.223032, 12913
izz, 2010-08-06, 45.9, 45.97, 46.1, 45.65, 1125
axe, 2010-08-06, 0.105, 0.105, 0.105, 0.105, 1
sky, 2010-08-06, 0.09, 0.09, 0.09, 0.09, 300000
agd, 2010-08-06, 0.2058441, 0.2619834, 0.2619834, 0.2058441, 53439
gll, 2010-08-06, 0.1834645, 0.1933815, 0.1933815, 0.1834645, 298477
rct, 2010-08-06, 1.91, 1.9, 1.925, 1.9, 5609
van, 2010-08-06, 0.58908, 0.58908, 0.58908, 0.569444, 11713
mrc, 2010-08-06, 0.0389025, 0.0399, 0.0399, 0.0389025, 103358
dws, 2010-08-06, 1.47, 1.47, 1.475, 1.47, 75298
srg, 2010-08-06, 0.88, 0.84, 0.88, 0.84, 18000
etpmag, 2010-08-06, 20, 20.1, 20.1, 19.95, 1190
ans, 2010-08-06, 0.014, 0.014, 0.014, 0.014, 7637703
a4n, 2010-08-06, 0.184243, 0.19394, 0.19394, 0.184243, 118593
pan, 2010-08-06, 2.22577288, 2.26226096, 2.27138298, 2.22577288, 237766
sdi, 2010-08-06, 0.215, 0.215, 0.215, 0.215, 1000
dgo, 2010-08-06, 5.076741494, 5.076741494, 5.076741494, 5.076741494, 906
pll, 2010-08-06, 0.066, 0.063, 0.066, 0.063, 22200
kcn, 2010-08-06, 9.56559, 9.441856, 9.603662, 9.356194, 548144
fms, 2010-08-06, 0.100250745, 0.100250745, 0.10502459, 0.100250745, 4294201
svl, 2010-08-06, 2.967296745, 2.8259969, 2.967296745, 2.8259969, 9200
cii, 2010-08-06, 0.8, 0.76, 0.8, 0.76, 309500
nmt, 2010-08-06, 0.481491, 0.4767705, 0.481491, 0.47205, 947238
mlx, 2010-08-06, 0.52407964, 0.52407964, 0.52407964, 0.52407964, 5343
som, 2010-08-06, 0.6809656, 0.72352595, 0.72352595, 0.6809656, 48301
pos, 2010-08-06, 0.151582, 0.143604, 0.151582, 0.143604, 557047
cam, 2010-08-06, 0.751645, 0.751645, 0.751645, 0.740370325, 39431
aru, 2010-08-06, 0.68375148, 0.679253115, 0.68375148, 0.66575802, 447212
tlg, 2010-08-06, 0.192426315, 0.192426315, 0.192426315, 0.192426315, 26901
a2b, 2010-08-06, 4.48, 4.43, 4.49, 4.43, 92034
moc, 2010-08-06, 1.22, 1.215, 1.22, 1.21, 38747
tzn, 2010-08-06, 0.497182725, 0.50143215, 0.51842985, 0.497182725, 137987
bky, 2010-08-06, 1.22, 1.23, 1.24, 1.215, 120592
qpr, 2010-08-06, 185.6169, 194.897745, 194.897745, 185.6169, 44
adn, 2010-08-06, 0.11872613, 0.122218075, 0.122218075, 0.11872613, 127758
ang, 2010-08-06, 2.58212248, 2.66469035, 2.66469035, 2.58212248, 46174
wlc, 2010-08-06, 0.6, 0.62, 0.62, 0.6, 17074
has, 2010-08-06, 0.229344, 0.210232, 0.2389, 0.210232, 176329
moz, 2010-08-06, 1.12148, 1.12148, 1.12148, 1.12148, 5772
nsc, 2010-08-06, 0.895, 0.9, 0.93, 0.895, 175610
iod, 2010-08-06, 0.514946012, 0.514946012, 0.514946012, 0.514946012, 1521
hzn, 2010-08-06, 0.286085, 0.286085, 0.2910175, 0.2811525, 856253
cyp, 2010-08-06, 1.44768, 1.375296, 1.44768, 1.3572, 10356
imm, 2010-08-06, 0.834007878, 0.8424322, 0.88455381, 0.834007878, 371542
twd, 2010-08-06, 2.40911, 2.40911, 2.40911, 2.3892, 9148
st1, 2010-08-06, 2.678028, 3.570704, 3.570704, 2.678028, 1445
mrm, 2010-08-06, 2.4854116, 2.50316454, 2.52979395, 2.46765866, 261809
aut, 2010-08-06, 0.048653385, 0.048653385, 0.049537992, 0.048653385, 96789
osl, 2010-08-06, 0.03522348, 0.03522348, 0.03522348, 0.03522348, 108337
krr, 2010-08-06, 0.1091385, 0.11350404, 0.12005235, 0.1091385, 154849
aar, 2010-08-06, 0.37, 0.37, 0.39, 0.37, 91300
aop, 2010-08-06, 0.22100447, 0.22100447, 0.22100447, 0.22100447, 4525
wec, 2010-08-06, 3.19732375, 3.31185475, 3.42638575, 3.130514, 1259898
tng, 2010-08-06, 0.038307109, 0.036525383, 0.038307109, 0.036525383, 309438
gpr, 2010-08-06, 13.7662, 13.7662, 13.7662, 13.7662, 302
cog, 2010-08-06, 0.0540993, 0.053377976, 0.054820624, 0.053377976, 184405
rkn, 2010-08-06, 2.013702, 2.03261, 2.03261, 2.004248, 60977
coi, 2010-08-06, 0.17610816, 0.17610816, 0.17610816, 0.17610816, 26262
mye, 2010-08-06, 1.06, 1.1, 1.11, 1.06, 131520
rdf, 2010-08-06, 2.2043, 2.2043, 2.21368, 2.1574, 31906
ctm, 2010-08-06, 7.242790308, 7.242790308, 7.242790308, 7.242790308, 5400
ton, 2010-08-06, 0.114093225, 0.1190538, 0.1190538, 0.114093225, 20159
css, 2010-08-06, 1.666, 1.683, 1.683, 1.649, 3235
fgr, 2010-08-06, 0.1850688, 0.1850688, 0.1850688, 0.1850688, 432
pgc, 2010-08-06, 0.293570279, 0.303040288, 0.303040288, 0.293570279, 5280
slx, 2010-08-06, 4.97, 4.94, 5.04, 4.84, 64045
cai, 2010-08-06, 24.00094773, 26.6677197, 26.6677197, 24.00094773, 262
clf, 2010-08-06, 1.255, 1.26, 1.27, 1.255, 44641
cay, 2010-08-06, 0.256389, 0.256389, 0.256389, 0.256389, 16966
bci, 2010-08-06, 1.420815, 1.412204, 1.4251205, 1.412204, 93259
tdl, 2010-08-06, 0.307292, 0.307292, 0.307292, 0.307292, 4426
ede, 2010-08-06, 0.067473237, 0.067473237, 0.067473237, 0.067473237, 8181
tek, 2010-08-06, 94.2651666, 94.2651666, 94.2651666, 94.2651666, 76
ptb, 2010-08-06, 0.148368, 0.157641, 0.157641, 0.148368, 12941
dyl, 2010-08-06, 3.92671022, 3.92671022, 3.92671022, 3.73516338, 46466
ntm, 2010-08-06, 0.6180795, 0.5963925, 0.6180795, 0.57832, 407286
ttm, 2010-08-06, 308, 308, 308, 308, 29
grb, 2010-08-06, 0.0743452, 0.0751533, 0.0751533, 0.0743452, 39352
eeg, 2010-08-06, 0.685334, 0.685334, 0.685334, 0.677365, 50063
ajl, 2010-08-06, 1.374644, 1.374644, 1.42275654, 1.36777078, 82031
cue, 2010-08-06, 0.275, 0.285, 0.285, 0.275, 445160
sta, 2010-08-06, 0.757399032, 0.74673144, 0.768066624, 0.74673144, 25779
bly, 2010-08-06, 784.665, 784.665, 792.0675, 782.1975, 7605
ctp, 2010-08-06, 0.2632545, 0.2909655, 0.2909655, 0.2632545, 1785235
ffi, 2010-08-06, 5.5, 5.64, 5.7, 5.5, 39771
try, 2010-08-06, 2.5758, 2.55636, 2.5758, 2.53692, 65494
ozg, 2010-08-06, 0.165, 0.165, 0.165, 0.16, 110000
tam, 2010-08-06, 0.40446, 0.36594, 0.40446, 0.36594, 1438915
apw, 2010-08-06, 0.50466303, 0.50466303, 0.527092498, 0.50466303, 87742
caa, 2010-08-06, 0.145, 0.15, 0.15, 0.145, 66666
cyg, 2010-08-06, 2.1186615, 2.109722, 2.1186615, 2.109722, 1753
qhl, 2010-08-06, 0.35474102, 0.36407631, 0.387414535, 0.35474102, 1686874
sdl, 2010-08-06, 0.15, 0.15, 0.15, 0.145, 4911276
lck, 2010-08-06, 0.36803, 0.34866, 0.36803, 0.34866, 41301
acf, 2010-08-06, 235, 235, 235, 230, 238
lko, 2010-08-06, 0.006, 0.007, 0.007, 0.006, 5501543
mem, 2010-08-06, 2.0298816, 2.255424, 2.255424, 2.0298816, 21067
aml, 2010-08-06, 0.61, 0.645, 0.645, 0.59, 439043
ptl, 2010-08-06, 6.1532298, 6.1532298, 6.1532298, 6.1532298, 527
dcg, 2010-08-06, 1.6673075, 1.6376225, 1.6673075, 1.632675, 69140
glb, 2010-08-06, 0.62, 0.62, 0.62, 0.62, 147
sen, 2010-08-06, 0.033335, 0.0340017, 0.0340017, 0.033335, 479435
kgl, 2010-08-06, 0.68978359, 0.70660758, 0.70660758, 0.681371595, 121650
fml, 2010-08-06, 2.2, 2.15, 2.2, 2.15, 322043
hil, 2010-08-06, 2.38, 2.37, 2.4, 2.37, 293655
orn, 2010-08-06, 0.829224, 0.829224, 0.829224, 0.829224, 663
haw, 2010-08-06, 0.12, 0.12, 0.14, 0.12, 2231798
rey, 2010-08-06, 0.7, 0.7, 0.725, 0.7, 27000
smn, 2010-08-06, 0.09583, 0.09583, 0.09583, 0.09583, 78264
moy, 2010-08-06, 0.392430792, 0.392430792, 0.392430792, 0.392430792, 9441
hct, 2010-08-06, 0.08, 0.08, 0.08, 0.08, 199945
pnw, 2010-08-06, 0.4, 0.4, 0.4, 0.4, 850
meu, 2010-08-06, 0.0753502, 0.0753502, 0.0753502, 0.0753502, 52422
zld, 2010-08-06, 0.06221001, 0.06221001, 0.06221001, 0.06221001, 19290
vii, 2010-08-06, 0.316, 0.3476, 0.3476, 0.316, 7267
ivx, 2010-08-06, 0.13283098, 0.15015676, 0.15015676, 0.13283098, 131149
bis, 2010-08-06, 4.125, 4.125, 4.125, 4.125, 341
tga, 2010-08-06, 1.26922816, 1.29722584, 1.29722584, 1.26456188, 113416
88e, 2010-08-06, 0.0791064, 0.07734848, 0.0791064, 0.07734848, 142214
brv, 2010-08-06, 0.44, 0.42, 0.45, 0.42, 122000
nam, 2010-08-06, 0.38, 0.385, 0.385, 0.38, 27132
jat, 2010-08-06, 0.104746292, 0.108487231, 0.108487231, 0.104746292, 160388
mns, 2010-08-06, 0.149472, 0.149472, 0.149472, 0.149472, 109041
qtm, 2010-08-06, 0.074, 0.074, 0.074, 0.074, 10000
hrl, 2010-08-06, 0.863878284, 0.90653894, 0.90653894, 0.863878284, 6493
clx, 2010-08-06, 0.6249501, 0.6249501, 0.6249501, 0.6249501, 4976
ipd, 2010-08-06, 0.6500291, 0.6500291, 0.6500291, 0.6500291, 56590
vmt, 2010-08-06, 1.3, 1.25, 1.3, 1.25, 4000
sas, 2010-08-06, 0.062276599, 0.06470296, 0.06470296, 0.062276599, 954083
bot, 2010-08-06, 11.655, 11.655, 11.655, 11.655, 43
akm, 2010-08-06, 0.688472, 0.730452, 0.730452, 0.688472, 29657
bmn, 2010-08-06, 0.435, 0.425, 0.435, 0.39, 1040274
dgr, 2010-08-06, 0.049950992, 0.04736732, 0.050812216, 0.04736732, 211327
swk, 2010-08-06, 0.37, 0.37, 0.375, 0.365, 249515
pen, 2010-08-06, 1.39118, 1.510424, 1.510424, 1.39118, 347639
bru, 2010-08-06, 0.312384, 0.312384, 0.317265, 0.312384, 8861
gap, 2010-08-06, 0.175, 0.175, 0.175, 0.175, 1200
rsh, 2010-08-06, 0.33912698, 0.33912698, 0.33912698, 0.33912698, 22601
erm, 2010-08-06, 0.151635, 0.15623, 0.15623, 0.151635, 64200
spz, 2010-08-06, 0.059373846, 0.057488962, 0.059373846, 0.057488962, 212215
bol, 2010-08-06, 0.39, 0.39, 0.395, 0.385, 1297396
lpd, 2010-08-06, 0.263749968, 0.263749968, 0.263749968, 0.263749968, 34637
cka, 2010-08-06, 0.3, 0.31, 0.31, 0.3, 133333
jal, 2010-08-06, 0.053493336, 0.04790448, 0.053493336, 0.04790448, 86422
prt, 2010-08-06, 0.73, 0.75, 0.75, 0.73, 19505
rxl, 2010-08-06, 0.0348005, 0.0357948, 0.0357948, 0.0348005, 1019170
ado, 2010-08-06, 0.050960415, 0.050960415, 0.052813521, 0.050033862, 4106386
kza, 2010-08-06, 1.386796675, 1.43461725, 1.43461725, 1.386796675, 9567
law, 2010-08-06, 0.018422, 0.018422, 0.0202642, 0.018422, 2324167
mpo, 2010-08-06, 1.07, 1.095, 1.095, 1.07, 208625
kfe, 2010-08-06, 0.078784, 0.078784, 0.078784, 0.068936, 137591
hch, 2010-08-06, 0.174173, 0.1787565, 0.1787565, 0.174173, 217986
ubi, 2010-08-06, 1.455, 1.46, 1.46, 1.42, 12694
ads, 2010-08-06, 0.14934, 0.14934, 0.14934, 0.14934, 462489
ige, 2010-08-06, 0.546328125, 0.52609375, 0.546328125, 0.52609375, 18730
idt, 2010-08-06, 0.625218, 0.625218, 0.625218, 0.625218, 4223
tap, 2010-08-06, 0.759115175, 0.794885, 0.794885, 0.759115175, 264785
res, 2010-08-06, 0.64, 0.65, 0.65, 0.635, 144176
pxs, 2010-08-06, 2.075142, 2.046585, 2.075142, 2.027547, 155024
auz, 2010-08-06, 0.01823884, 0.01823884, 0.01823884, 0.01823884, 335822
dna, 2010-08-06, 0.634370656, 0.634370656, 0.634370656, 0.634370656, 1718
sih, 2010-08-06, 0.13506142, 0.13506142, 0.13941824, 0.1307046, 717266
oel, 2010-08-06, 0.07722153, 0.078079547, 0.078079547, 0.07722153, 486471
sei, 2010-08-06, 0.056820465, 0.056820465, 0.056820465, 0.056820465, 57198
bsr, 2010-08-06, 0.16291645, 0.167203725, 0.167203725, 0.158629175, 325728
pek, 2010-08-06, 0.121042625, 0.13556774, 0.14525115, 0.121042625, 1178508
enr, 2010-08-06, 0.305, 0.34, 0.34, 0.305, 90000
gtg, 2010-08-06, 0.0317322, 0.0363987, 0.037332, 0.0317322, 627312
ayi, 2010-08-06, 0.053, 0.053, 0.053, 0.053, 12000
eqx, 2010-08-06, 0.46, 0.46, 0.46, 0.46, 13200
asw, 2010-08-06, 0.67, 0.68, 0.68, 0.67, 41500
pm8, 2010-08-06, 0.89, 0.89, 0.89, 0.89, 10000
vmy, 2010-08-06, 1.68, 1.715, 1.715, 1.575, 33331
onx, 2010-08-06, 0.137826096, 0.137826096, 0.137826096, 0.137826096, 4063
lbt, 2010-08-06, 0.08, 0.08, 0.08, 0.08, 100000
dse, 2010-08-06, 17.778285668, 17.778285668, 17.778285668, 17.778285668, 308
krm, 2010-08-06, 1.04, 1, 1.05, 1, 187800
lcm, 2010-08-06, 0.87, 0.87, 0.87, 0.87, 3500
arv, 2010-08-06, 0.846173759, 0.972199638, 0.972199638, 0.846173759, 102580
tfl, 2010-08-06, 0.084015, 0.084015, 0.084015, 0.084015, 137504
pve, 2010-08-06, 0.098577, 0.0967515, 0.098577, 0.0967515, 412739
ksn, 2010-08-06, 1.93362, 1.93362, 1.93362, 1.93362, 2591
ajx, 2010-08-06, 0.142365, 0.1471105, 0.1471105, 0.142365, 73754
mxi, 2010-08-06, 0.35, 0.35, 0.35, 0.325, 142617
paa, 2010-08-06, 0.891204498, 0.838780704, 0.891204498, 0.838780704, 62304
eme, 2010-08-06, 0.643045, 0.643045, 0.662831, 0.643045, 323377
obj, 2010-08-06, 0.031, 0.03, 0.031, 0.03, 9629601
lon, 2010-08-06, 22.13775, 22.13775, 22.13775, 22.13775, 9
mll, 2010-08-06, 0.373054528, 0.373054528, 0.373054528, 0.373054528, 858
ngy, 2010-08-06, 0.40314391, 0.418649445, 0.418649445, 0.387638375, 90261
lom, 2010-08-06, 0.784043502, 0.807802396, 0.855320184, 0.736525714, 881126
gmc, 2010-08-06, 0.556125, 0.556125, 0.556125, 0.556125, 1124
bno, 2010-08-06, 0.29826, 0.308202, 0.308202, 0.29826, 64294
tia, 2010-08-06, 9.29748573, 8.89324722, 9.29748573, 8.89324722, 23386
avl, 2010-08-06, 0.016837306, 0.016837306, 0.016837306, 0.016837306, 15708
prx, 2010-08-06, 0.4638375, 0.4339125, 0.4638375, 0.4339125, 712470
hav, 2010-08-06, 0.3430854, 0.3430854, 0.3430854, 0.3430854, 11703
kat, 2010-08-06, 0.666181, 0.666181, 0.666181, 0.666181, 5029
xrf, 2010-08-06, 0.155, 0.16, 0.16, 0.155, 250000
mat, 2010-08-06, 0.2318205, 0.2318205, 0.2318205, 0.2318205, 792
vmc, 2010-08-06, 0.8, 0.78, 0.8, 0.78, 18500
lng, 2010-08-06, 0.58, 0.55, 0.58, 0.535, 1775967
toe, 2010-08-06, 0.115, 0.105, 0.115, 0.105, 1800397
ses, 2010-08-06, 1.432915023, 1.348625904, 1.432915023, 1.348625904, 4713
nsx, 2010-08-06, 0.160002, 0.160002, 0.160002, 0.160002, 1125
gev, 2010-08-06, 2.066586096, 2.195747727, 2.195747727, 2.066586096, 2527
3dp, 2010-08-06, 0.87, 0.87, 0.87, 0.87, 11494
bud, 2010-08-06, 0.145, 0.15, 0.15, 0.145, 57250
chz, 2010-08-06, 0.3799852, 0.39898446, 0.41798372, 0.3799852, 119096
vec, 2010-08-06, 0.033, 0.033, 0.033, 0.033, 41667
aiv, 2010-08-06, 0.35183835, 0.347929035, 0.363566295, 0.347929035, 74188
anp, 2010-08-06, 0.1020051, 0.1020051, 0.1020051, 0.1020051, 3333
nuh, 2010-08-06, 0.152551, 0.152551, 0.152551, 0.152551, 31137
ciw, 2010-08-06, 0.3502862, 0.3343641, 0.3502862, 0.3343641, 110538
blu, 2010-08-06, 0.13, 0.14, 0.14, 0.125, 2333007
pg1, 2010-08-06, 477879.54772051, 433078.34012171, 477879.54772051, 433078.34012171, 0
siv, 2010-08-06, 2.77069536, 2.7899363, 2.7899363, 2.77069536, 8316
dtz, 2010-08-06, 149.0164715, 152.8130695, 161.82998975, 149.0164715, 2541
acr, 2010-08-06, 1.95, 1.98, 2, 1.95, 117512
znc, 2010-08-06, 0.1780352, 0.17358432, 0.18248608, 0.17358432, 281494
atr, 2010-08-06, 1.85, 1.85, 1.85, 1.85, 3000
vml, 2010-08-06, 0.07788856, 0.07788856, 0.07788856, 0.07788856, 15278
rxm, 2010-08-06, 2.28, 2.4, 2.5, 2.26, 1248184
kpo, 2010-08-06, 0.011423888, 0.011423888, 0.011423888, 0.011423888, 2022079
tdo, 2010-08-06, 0.165, 0.165, 0.165, 0.165, 31200
acw, 2010-08-06, 0.17272, 0.189992, 0.189992, 0.17272, 54607
mcm, 2010-08-06, 34.2, 34, 34.2, 33.5, 40706
td1, 2010-08-06, 0.50177412, 0.50177412, 0.518499924, 0.50177412, 37367
coo, 2010-08-06, 0.031, 0.035, 0.035, 0.031, 63157
vmx, 2010-08-06, 1.52, 1.52, 1.52, 1.52, 8250
oil, 2010-08-06, 0.05, 0.05, 0.05, 0.05, 35498
ipt, 2010-08-06, 0.1167, 0.1118375, 0.1167, 0.1118375, 71226
mei, 2010-08-06, 0.154448, 0.154448, 0.154448, 0.154448, 192344
rwd, 2010-08-06, 0.28130667, 0.27160644, 0.28130667, 0.27160644, 56830
hgo, 2010-08-06, 2.1494, 2.18848, 2.22756, 2.1494, 193531
ags, 2010-08-06, 1.2595317, 1.2595317, 1.278054225, 1.2595317, 23742
ict, 2010-08-06, 4.8, 4.8, 4.8, 4.8, 167
cnw, 2010-08-06, 0.076529205, 0.078229854, 0.093535695, 0.076529205, 1155837
tas, 2010-08-06, 0.10050656, 0.10050656, 0.10050656, 0.10050656, 125862
hrr, 2010-08-06, 1.43662116, 1.5122328, 1.5122328, 1.43662116, 8597
psc, 2010-08-06, 2.33136, 2.23422, 2.52564, 2.23422, 10802
mce, 2010-08-06, 2.88086, 2.900728, 2.910662, 2.88086, 386476
gme, 2010-08-06, 0.056232369, 0.055279278, 0.056232369, 0.055279278, 104922
btc, 2010-08-06, 0.175, 0.175, 0.175, 0.175, 22000
ics, 2010-08-06, 0.4, 0.4, 0.4, 0.4, 4500
vpr, 2010-08-06, 0.225562, 0.210006, 0.225562, 0.202228, 72651
sau, 2010-08-06, 1.081981454, 1.067360083, 1.125845567, 1.067360083, 28575
pnx, 2010-08-06, 0.16764162, 0.17173044, 0.17173044, 0.1635528, 414650
fex, 2010-08-06, 0.282384, 0.290016, 0.290016, 0.282384, 356800
aqx, 2010-08-06, 1.58890725, 1.58890725, 1.58890725, 1.412362, 14444
air, 2010-08-06, 4.223634, 4.223634, 4.223634, 4.223634, 648
dcc, 2010-08-06, 7.14375, 7.14375, 7.14375, 6.858, 16989
tso, 2010-08-06, 2.80373275, 2.80373275, 2.80373275, 2.80373275, 10711
vrc, 2010-08-06, 0.215204022, 0.215204022, 0.215204022, 0.205422021, 406767
cdx, 2010-08-06, 0.118638, 0.118638, 0.118638, 0.118638, 10191
mgl, 2010-08-06, 0.053, 0.053, 0.053, 0.053, 20200
blg, 2010-08-06, 0.092883, 0.084037, 0.092883, 0.084037, 527488
coy, 2010-08-06, 0.123844, 0.123844, 0.123844, 0.123844, 67036
ptx, 2010-08-06, 13.777729664, 13.405358592, 13.777729664, 13.405358592, 1544
nge, 2010-08-06, 2.6, 2.6, 2.6, 2.5, 65342
drx, 2010-08-06, 0.0801386, 0.0801386, 0.0801386, 0.0801386, 204645
gbz, 2010-08-06, 0.477615, 0.477615, 0.477615, 0.477615, 5339
pio, 2010-08-06, 0.035, 0.037, 0.037, 0.035, 129255
dev, 2010-08-06, 0.06158244, 0.06158244, 0.06158244, 0.06158244, 19486
kai, 2010-08-06, 0.44468223, 0.44468223, 0.44468223, 0.44468223, 8995
mep, 2010-08-06, 0.225, 0.24, 0.24, 0.22, 89909
ath, 2010-08-06, 0.14, 0.14, 0.14, 0.14, 22700
a1m, 2010-08-06, 13.4, 13.3, 13.6, 13.2, 45431
vxr, 2010-08-06, 0.937566786, 0.985038522, 0.985038522, 0.937566786, 15858
gwr, 2010-08-06, 0.8593775, 0.87428, 0.8891825, 0.844475, 572830
ele, 2010-08-06, 1.32, 1.35, 1.35, 1.32, 13514
fzr, 2010-08-06, 0.225624, 0.225624, 0.225624, 0.225624, 26593
lny, 2010-08-06, 0.96, 0.72, 0.96, 0.72, 12715
cgb, 2010-08-06, 0.131625, 0.1365, 0.141375, 0.131625, 1006513
vys, 2010-08-06, 0.23, 0.225, 0.23, 0.22, 164575
pmy, 2010-08-06, 0.024, 0.024, 0.024, 0.024, 250000
auc, 2010-08-06, 0.23997492, 0.2666388, 0.28441472, 0.23553094, 1176992
caf, 2010-08-06, 0.935998, 0.935998, 0.935998, 0.935998, 299
nwe, 2010-08-06, 0.0277172, 0.0287071, 0.0287071, 0.0277172, 1148946
fsg, 2010-08-06, 0.137505, 0.137505, 0.137505, 0.137505, 55296
tlm, 2010-08-06, 0.925, 0.94, 0.95, 0.92, 242935
wbe, 2010-08-06, 0.05982582, 0.055837432, 0.05982582, 0.055837432, 113678
anl, 2010-08-06, 0.033544532, 0.03759301, 0.039328072, 0.033544532, 2502618
viv, 2010-08-06, 0.111996, 0.111996, 0.111996, 0.111996, 139291
avq, 2010-08-06, 0.3, 0.3, 0.3, 0.3, 3333
exr, 2010-08-06, 0.799685306, 0.784596904, 0.799685306, 0.784596904, 1657
hmx, 2010-08-06, 4.27284, 4.1085, 4.27284, 4.1085, 1339
ovt, 2010-08-06, 0.62, 0.61, 0.62, 0.61, 110585
rpm, 2010-08-06, 3.1813221, 3.1813221, 3.1813221, 3.1813221, 13202
hng, 2010-08-06, 1.1263808, 1.1168352, 1.1263808, 1.1168352, 4884
mse, 2010-08-06, 0.596062544, 0.61928576, 0.61928576, 0.596062544, 10334
ce1, 2010-08-06, 1.05, 1.08, 1.08, 1.05, 25167
lcl, 2010-08-06, 224.331, 229.548, 229.548, 219.114, 853
azs, 2010-08-06, 0.856044, 0.875952, 0.875952, 0.856044, 14662
oda, 2010-08-06, 1.59654, 1.59654, 1.66911, 1.59654, 122295
kbc, 2010-08-06, 0.086, 0.085, 0.091, 0.085, 109444
dvn, 2010-08-06, 1, 1, 1, 0.98, 197319
abx, 2010-08-06, 0.5, 0.51, 0.51, 0.5, 47994
ges, 2010-08-06, 0.10783968, 0.10783968, 0.10783968, 0.10783968, 120549
lcy, 2010-08-06, 0.0797508, 0.06512982, 0.0797508, 0.05848392, 5963871
afr, 2010-08-06, 0.0883936, 0.0883936, 0.0883936, 0.0883936, 52040
cnl, 2010-08-06, 9.98745, 10.59275, 10.59275, 9.98745, 4915
oau, 2010-08-06, 0.793822975, 0.828150455, 0.888223545, 0.785241105, 6478340
cgn, 2010-08-06, 144.2025, 144.2025, 144.2025, 138.4344, 199
mgu, 2010-08-06, 0.115169, 0.115169, 0.115169, 0.115169, 30905
zgl, 2010-08-06, 0.17, 0.175, 0.18, 0.17, 75000
vms, 2010-08-06, 0.328578, 0.342864, 0.347626, 0.323816, 266916
cto, 2010-08-06, 0.096, 0.097, 0.097, 0.095, 1124639
jrl, 2010-08-06, 0.519877, 0.519877, 0.519877, 0.519877, 20492
bar, 2010-08-06, 0.059, 0.059, 0.059, 0.059, 100000
hnr, 2010-08-06, 0.175778955, 0.175778955, 0.175778955, 0.17045232, 159575
tsc, 2010-08-06, 0.16073435, 0.16073435, 0.16073435, 0.16073435, 71547
may, 2010-08-06, 0.37, 0.365, 0.37, 0.365, 1332838
pil, 2010-08-06, 0.2298077, 0.2298077, 0.233187225, 0.212910075, 162671
hpr, 2010-08-06, 0.5169825, 0.5169825, 0.5169825, 0.5169825, 1004
mhc, 2010-08-06, 0.85, 0.85, 0.85, 0.81, 9809
ave, 2010-08-06, 0.083979, 0.087885, 0.087885, 0.083979, 204982
cce, 2010-08-06, 0.091, 0.089, 0.093, 0.089, 162158
cxm, 2010-08-06, 0.37, 0.37, 0.37, 0.37, 2479
amt, 2010-08-06, 0.48230424, 0.455004, 0.48230424, 0.455004, 1577
gul, 2010-08-06, 0.097, 0.097, 0.097, 0.097, 95000
fyi, 2010-08-06, 0.135, 0.135, 0.135, 0.135, 3632
teg, 2010-08-06, 0.5696525, 0.5696525, 0.5696525, 0.5696525, 40375
pfg, 2010-08-06, 0.165, 0.165, 0.165, 0.165, 48455
kis, 2010-08-06, 0.16089732, 0.16089732, 0.16089732, 0.16089732, 6019
msr, 2010-08-06, 0.0675, 0.069, 0.069, 0.0675, 186800
rim, 2010-08-06, 0.009, 0.01, 0.01, 0.009, 2883247
alt, 2010-08-06, 0.024300216, 0.024300216, 0.024300216, 0.024300216, 311108
arq, 2010-08-06, 2.173678, 2.19362, 2.19362, 2.153736, 45990
acb, 2010-08-06, 0.36007438, 0.36007438, 0.36494025, 0.35034264, 348140
fpl, 2010-08-06, 2.924883, 2.84363625, 3.00612975, 2.7623895, 41623
vmg, 2010-08-06, 0.158563405, 0.154444875, 0.158563405, 0.154444875, 1190852
stm, 2010-08-06, 1.36306998, 1.36306998, 1.36306998, 1.36306998, 2245
wsi, 2010-08-06, 0.907859925, 0.8646285, 0.907859925, 0.8646285, 25444
adx, 2010-08-06, 0.205, 0.2, 0.205, 0.195, 989059
afl, 2010-08-06, 86.925626725, 84.44203739, 86.925626725, 81.958448055, 434
blv, 2010-08-06, 2.61516164, 2.52176301, 2.61516164, 2.52176301, 204885
cxu, 2010-08-06, 0.23, 0.24, 0.24, 0.23, 28810
eer, 2010-08-06, 0.21, 0.21, 0.21, 0.21, 104894
bux, 2010-08-06, 0.074352, 0.074352, 0.074352, 0.074352, 268991
asq, 2010-08-06, 0.185, 0.175, 0.185, 0.17, 792882
caz, 2010-08-06, 0.54, 0.55, 0.555, 0.535, 321568
orm, 2010-08-06, 0.055, 0.05, 0.055, 0.05, 200000
ard, 2010-08-06, 0.2197125, 0.2197125, 0.2197125, 0.2197125, 10241
kam, 2010-08-06, 0.58, 0.585, 0.585, 0.58, 43000
aft, 2010-08-06, 0.001, 0.001, 0.001, 0.001, 4031465
bcc, 2010-08-06, 0.4, 0.4, 0.4, 0.4, 2500
mel, 2010-08-06, 0.425, 0.44, 0.44, 0.42, 385690
pft, 2010-08-06, 37.7006575, 38.831677225, 39.585690375, 37.7006575, 65109
ect, 2010-08-06, 0.024, 0.024, 0.024, 0.02325, 7349631
erl, 2010-08-06, 0.0599365, 0.0599365, 0.0599365, 0.0599365, 32534
aee, 2010-08-06, 0.13117599, 0.13603436, 0.13603436, 0.13117599, 97769
mey, 2010-08-06, 9.14191776, 9.14191776, 9.14191776, 9.14191776, 121
sho, 2010-08-06, 2.88, 3.06, 3.24, 2.88, 77741
hwk, 2010-08-06, 4, 4.2, 4.2, 4, 3013
bsm, 2010-08-06, 0.1231224, 0.1231224, 0.1231224, 0.12004434, 321527
crb, 2010-08-06, 0.325, 0.325, 0.325, 0.325, 103230
psa, 2010-08-06, 0.176112, 0.176112, 0.176112, 0.176112, 39974
abv, 2010-08-06, 0.157082272, 0.16534976, 0.16534976, 0.157082272, 62943
bxn, 2010-08-06, 0.14, 0.14, 0.14, 0.14, 7143
aqd, 2010-08-06, 0.125, 0.12, 0.125, 0.12, 113000
tcn, 2010-08-06, 0.038, 0.039, 0.039, 0.038, 299530
cm8, 2010-08-06, 1.2024558, 1.2024558, 1.2024558, 1.2024558, 623
hyd, 2010-08-06, 0.83565, 0.83565, 0.83565, 0.83565, 8078
clt, 2010-08-06, 0.14079, 0.14079, 0.14079, 0.14079, 12785
are, 2010-08-06, 0.06067654, 0.06067654, 0.06248778, 0.06067654, 327952
srk, 2010-08-06, 0.59, 0.585, 0.59, 0.58, 32425
ree, 2010-08-06, 0.714577555, 0.714577555, 0.714577555, 0.714577555, 1329
aon, 2010-08-06, 2.77981704, 2.90617236, 2.90617236, 2.65346172, 5055
gib, 2010-08-06, 0.12693, 0.12693, 0.135392, 0.12693, 220638
xcd, 2010-08-06, 0.622248025, 0.622248025, 0.622248025, 0.60446951, 54196
evz, 2010-08-06, 0.762453, 0.762453, 0.762453, 0.762453, 2599
cym, 2010-08-06, 2195.55, 2195.55, 2195.55, 2195.55, 4
elt, 2010-08-06, 0.11860951, 0.11860951, 0.11860951, 0.11860951, 71664
ook, 2010-08-06, 0.044, 0.044, 0.044, 0.044, 60000
lct, 2010-08-06, 0.22, 0.23, 0.23, 0.22, 254030
hhm, 2010-08-06, 0.21551284, 0.21144656, 0.21551284, 0.21144656, 122963
gmr, 2010-08-06, 1.24433325, 1.202855475, 1.24433325, 1.202855475, 9320
sri, 2010-08-06, 1.38, 1.38, 1.44, 1.38, 156756
czn, 2010-08-06, 0.1, 0.1, 0.1, 0.1, 175537
krs, 2010-08-06, 0.365, 0.365, 0.365, 0.365, 5328
icn, 2010-08-06, 0.185, 0.195, 0.2, 0.185, 961268
kgm, 2010-08-06, 0.250834, 0.2382923, 0.250834, 0.2382923, 125659
tnr, 2010-08-06, 2.64, 2.64, 2.64, 2.64, 2111
mhi, 2010-08-06, 0.175, 0.175, 0.175, 0.175, 17973
aqc, 2010-08-06, 7.857, 7.857, 7.857, 7.857, 509
auq, 2010-08-06, 0.103803, 0.103803, 0.103803, 0.103803, 27729
ady, 2010-08-06, 0.039716, 0.0347515, 0.039716, 0.0347515, 957719
pel, 2010-08-06, 0.10603801, 0.11419478, 0.11419478, 0.10603801, 734916
syt, 2010-08-06, 0.04999547, 0.04999547, 0.04999547, 0.04999547, 39204
rbr, 2010-08-06, 0.0357656, 0.0367068, 0.0367068, 0.0357656, 91373
cap, 2010-08-06, 0.42532647, 0.43021528, 0.43510409, 0.42532647, 275894
oex, 2010-08-06, 0.1328635, 0.1328635, 0.137445, 0.128282, 4868448
key, 2010-08-06, 0.04785165, 0.04785165, 0.04785165, 0.04785165, 68963
psl, 2010-08-06, 4.4112486, 3.45547807, 4.4112486, 3.45547807, 4216
amd, 2010-08-06, 0.65620016, 0.65620016, 0.65620016, 0.65620016, 1676
buy, 2010-08-06, 0.0912364, 0.0932198, 0.0932198, 0.0902447, 1520280
ht8, 2010-08-06, 54.6875, 54.6875, 54.6875, 54.6875, 37
xtc, 2010-08-06, 0.09975, 0.095, 0.09975, 0.095, 60908
crm, 2010-08-06, 3.2, 3.2, 3.2, 3.2, 5000
em1, 2010-08-06, 1.21997799, 1.21997799, 1.21997799, 1.21997799, 3847
aur, 2010-08-06, 3.0369075, 3.013725, 3.1296375, 2.920995, 191556
ibg, 2010-08-06, 0.16, 0.165, 0.165, 0.16, 73000
ecs, 2010-08-06, 0.002527665, 0.002527665, 0.002527665, 0.002527665, 2575500
tti, 2010-08-06, 0.0301692, 0.0301692, 0.0301692, 0.0301692, 14745
bdi, 2010-08-06, 0.012, 0.013, 0.013, 0.012, 2511176
hcd, 2010-08-06, 0.675390624, 0.66587808, 0.675390624, 0.66587808, 39204
egl, 2010-08-06, 0.108225, 0.108225, 0.108225, 0.108225, 7099
aly, 2010-08-06, 0.428053065, 0.39896208, 0.428053065, 0.39896208, 315154
ahn, 2010-08-06, 0.08187642, 0.08642511, 0.08642511, 0.08187642, 149054
ptr, 2010-08-06, 2.40105071, 2.337865165, 2.40105071, 2.337865165, 1002
aph, 2010-08-06, 0.505, 0.485, 0.505, 0.485, 56151
mth, 2010-08-06, 0.998136, 0.998136, 0.998136, 0.998136, 252
fel, 2010-08-06, 0.115, 0.13, 0.13, 0.115, 544384
cio, 2010-08-06, 96.0012, 96.0012, 101.3346, 96.0012, 291
rez, 2010-08-06, 0.105, 0.105, 0.105, 0.105, 20780
jdr, 2010-08-06, 2.4, 2.4, 2.5, 2.3, 3386
ent, 2010-08-06, 0.215, 0.26, 0.26, 0.215, 1025434
glh, 2010-08-06, 0.107532225, 0.107532225, 0.107532225, 0.107532225, 5461
srh, 2010-08-06, 0.44988, 0.46944, 0.46944, 0.44988, 25562
nxm, 2010-08-06, 0.52, 0.52, 0.52, 0.52, 2000
pcl, 2010-08-06, 0.036, 0.036, 0.036, 0.034, 1773429
sxx, 2010-08-06, 0.025, 0.02375, 0.025, 0.02375, 209021
ncr, 2010-08-06, 0.23, 0.23, 0.23, 0.215, 24399593
tmk, 2010-08-06, 0.77930892, 0.77930892, 0.77930892, 0.77930892, 2502
ahl, 2010-08-06, 44.75824272, 39.78510464, 44.75824272, 39.78510464, 573
dmg, 2010-08-06, 0.22, 0.21, 0.22, 0.21, 151150
gbe, 2010-08-06, 0.215, 0.205, 0.215, 0.2, 227400
lsr, 2010-08-06, 0.12044452, 0.14625406, 0.16346042, 0.11614293, 4904509
rmg, 2010-08-06, 0.2451504, 0.2451504, 0.2451504, 0.2451504, 32633
brk, 2010-08-06, 11.6, 12.2, 12.2, 11.5, 6156
cvv, 2010-08-06, 8.166715245, 7.561773375, 8.166715245, 7.561773375, 5579
ayr, 2010-08-06, 0.238900975, 0.238900975, 0.238900975, 0.238900975, 20929
kte, 2010-08-06, 0.057, 0.057, 0.057, 0.057, 120001
ida, 2010-08-06, 0.05271284, 0.05271284, 0.05271284, 0.05271284, 130518
lsa, 2010-08-06, 2.32728, 2.32728, 2.32728, 2.32728, 1031
fnt, 2010-08-06, 1.059882582, 1.059882582, 1.059882582, 1.059882582, 1764
tyx, 2010-08-06, 1.261745, 1.241875, 1.261745, 1.241875, 20124
rmp, 2010-08-06, 0.15, 0.16, 0.17, 0.15, 241734
shk, 2010-08-06, 0.155, 0.165, 0.17, 0.155, 2319250
emu, 2010-08-06, 0.14493, 0.14493, 0.14493, 0.14493, 51749
jpr, 2010-08-06, 0.634491, 0.62007075, 0.64891125, 0.62007075, 792438
fun, 2010-08-06, 3.27348604, 3.27348604, 3.27348604, 3.27348604, 1882
cux, 2010-08-06, 0.12, 0.12, 0.12, 0.12, 35509
qfy, 2010-08-06, 12.580974, 11.882031, 12.580974, 11.882031, 1308
srz, 2010-08-06, 0.0659347, 0.0649506, 0.0659347, 0.0639665, 272297
tmx, 2010-08-06, 0.0304623, 0.0313854, 0.0313854, 0.0304623, 147776
mlm, 2010-08-06, 0.17151625, 0.17151625, 0.17151625, 0.17151625, 218500
tzl, 2010-08-06, 2.99272413, 3.17410135, 3.17410135, 2.99272413, 622
ivo, 2010-08-06, 17, 19, 19, 17, 525
dtm, 2010-08-06, 1.6980681, 1.6980681, 1.6980681, 1.6980681, 3261
pua, 2010-08-06, 11.125, 11.25, 11.375, 10.875, 1696
okj, 2010-08-06, 0.125, 0.125, 0.125, 0.125, 50264
bnl, 2010-08-06, 7.725, 7.5, 7.725, 7.35, 337532
hhy, 2010-08-06, 1.15689, 1.15689, 1.15689, 1.15689, 83233
zmi, 2010-08-06, 80, 86, 86, 80, 291
mtl, 2010-08-06, 0.405, 0.42, 0.42, 0.405, 19900
hgm, 2010-08-06, 0.037, 0.037, 0.037, 0.037, 57988
amo, 2010-08-06, 0.435, 0.435, 0.435, 0.435, 17000
lcd, 2010-08-06, 0.668356224, 0.668356224, 0.668356224, 0.668356224, 2394
nse, 2010-08-06, 0.16, 0.16, 0.16, 0.16, 147000
aev, 2010-08-06, 0.23358726, 0.27251847, 0.27251847, 0.23358726, 6625381
xpe, 2010-08-06, 0.674464971, 0.656236188, 0.692693754, 0.638007405, 127564
fin, 2010-08-06, 0.16, 0.16, 0.16, 0.16, 33750
arm, 2010-08-06, 0.29092, 0.2872835, 0.298193, 0.2872835, 85522
nme, 2010-08-06, 0.18, 0.195, 0.195, 0.18, 171911
oxx, 2010-08-06, 0.3, 0.3, 0.3, 0.3, 30464
auh, 2010-08-06, 0.11, 0.11, 0.11, 0.105, 273640
zip, 2010-08-06, 1.5252642, 1.5252642, 1.5252642, 1.5252642, 426
ddt, 2010-08-06, 0.03135, 0.03135, 0.03135, 0.03135, 40114
mls, 2010-08-06, 0.011, 0.011, 0.012, 0.011, 1560328
cse, 2010-08-06, 0.088, 0.083, 0.088, 0.082, 2006800
scn, 2010-08-06, 0.105, 0.1, 0.11, 0.1, 200000
mcx, 2010-08-06, 0.4, 0.4, 0.4, 0.4, 1000
glv, 2010-08-06, 0.003, 0.003, 0.003, 0.003, 100000
ftt, 2010-08-06, 0.17542776, 0.17542776, 0.17542776, 0.17542776, 30289
var, 2010-08-06, 1.60658173, 1.60658173, 1.60658173, 1.60658173, 2266
stc, 2010-08-06, 0.22, 0.22, 0.22, 0.22, 19500
re1, 2010-08-06, 3.33, 4.14, 4.14, 3.33, 11053
atp, 2010-08-06, 0.102795, 0.102795, 0.102795, 0.102795, 341
cav, 2010-08-06, 0.192195, 0.183653, 0.192195, 0.17084, 1869753
tbl, 2010-08-06, 2.218265, 2.1819, 2.218265, 2.1819, 2062
spq, 2010-08-06, 0.03833262, 0.044082513, 0.044082513, 0.03833262, 41479
pnn, 2010-08-06, 0.17504515, 0.16558325, 0.17504515, 0.16558325, 17091
enb, 2010-08-06, 0.072722741, 0.072722741, 0.072722741, 0.072722741, 125133
lml, 2010-08-06, 0.21258312, 0.21258312, 0.21258312, 0.21258312, 22579
ser, 2010-08-06, 0.00509376, 0.00573048, 0.00573048, 0.00509376, 3298153
aaj, 2010-08-06, 0.14080176, 0.14080176, 0.14080176, 0.14080176, 11719
apg, 2010-08-06, 0.037, 0.039, 0.039, 0.037, 144568
sf1, 2010-08-06, 52.565094, 52.565094, 52.565094, 52.565094, 158
ffr, 2010-08-06, 8.1396884, 9.0972988, 10.0549092, 8.1396884, 34841
dlc, 2010-08-06, 0.015, 0.013, 0.016, 0.013, 3272500
mmr, 2010-08-06, 0.4481853, 0.4481853, 0.48356835, 0.4324595, 105871
blz, 2010-08-06, 2.5, 2.75, 2.75, 2.5, 18695
axt, 2010-08-06, 0.054, 0.058, 0.058, 0.054, 368000
svd, 2010-08-06, 0.0733315, 0.079998, 0.079998, 0.0733315, 306758
bph, 2010-08-06, 1.23, 1.2, 1.245, 1.185, 45878
via, 2010-08-06, 0.98, 1, 1, 0.98, 1500
kor, 2010-08-06, 0.165, 0.165, 0.165, 0.165, 28329
ggx, 2010-08-06, 0.0229992, 0.0316239, 0.0316239, 0.0229992, 141918
aro, 2010-08-06, 0.21, 0.21, 0.24, 0.21, 307822
cfe, 2010-08-06, 0.375, 0.37, 0.375, 0.37, 682450
gte, 2010-08-06, 0.21652758, 0.23657643, 0.23657643, 0.21251781, 191407
hor, 2010-08-06, 0.27, 0.25, 0.27, 0.25, 1122541
ged, 2010-08-06, 0.075, 0.07, 0.075, 0.07, 160000
tkm, 2010-08-06, 16.45682916, 16.45682916, 16.45682916, 16.45682916, 2985
add, 2010-08-06, 0.454944, 0.454944, 0.454944, 0.454944, 2660
wml, 2010-08-06, 5.8059375, 5.8059375, 5.8059375, 5.8059375, 148
rds, 2010-08-06, 0.2578248, 0.26212188, 0.26212188, 0.25352772, 691501
wcn, 2010-08-06, 1.648058472, 1.648058472, 1.648058472, 1.648058472, 740
jka, 2010-08-06, 0.132062065, 0.13563131, 0.13563131, 0.132062065, 35021
cmd, 2010-08-06, 0.32, 0.336, 0.336, 0.288, 112372
rne, 2010-08-06, 4.01973331, 4.11321548, 4.11321548, 3.83276897, 19121
cul, 2010-08-06, 1.089641382, 1.034235888, 1.089641382, 1.034235888, 11463
mgt, 2010-08-06, 0.1819041, 0.1780338, 0.1857744, 0.1780338, 374167
rcp, 2010-08-06, 0.5, 0.56, 0.56, 0.5, 15421
vka, 2010-08-06, 0.1981, 0.1981, 0.2030525, 0.1981, 8613
gcr, 2010-08-06, 0.28, 0.28, 0.28, 0.28, 37413
val, 2010-08-06, 0.1737925, 0.1737925, 0.1737925, 0.1737925, 104864
akn, 2010-08-06, 0.11454248, 0.1321644, 0.1321644, 0.110137, 24362
pur, 2010-08-06, 11.6, 11.6, 11.6, 11.6, 6648
sbr, 2010-08-06, 0.295, 0.295, 0.295, 0.295, 21800
fgo, 2010-08-06, 26, 25, 26, 25, 636
iam, 2010-08-06, 0.079, 0.079, 0.079, 0.079, 17648
cdt, 2010-08-06, 0.345, 0.35, 0.35, 0.345, 75651
si6, 2010-08-06, 0.582100992, 0.60217344, 0.60217344, 0.582100992, 8968
ign, 2010-08-06, 0.62, 0.67, 0.67, 0.62, 43654
tkl, 2010-08-06, 0.13170345, 0.13170345, 0.13170345, 0.13170345, 2278
pgy, 2010-08-06, 13.001400055, 14.115805774, 14.115805774, 11.14405719, 6115
iec, 2010-08-06, 0.32, 0.3, 0.33, 0.3, 570725
gge, 2010-08-06, 0.086721092, 0.082156824, 0.086721092, 0.082156824, 417047
kas, 2010-08-06, 8, 8.5, 8.5, 8, 5700
rmi, 2010-08-06, 0.25, 0.3, 0.35, 0.25, 530127
emp, 2010-08-06, 6.137937, 5.954715, 6.595992, 5.863104, 46216
xst, 2010-08-06, 0.1831585, 0.1916775, 0.1916775, 0.178899, 58692
rnx, 2010-08-06, 0.080297694, 0.080297694, 0.080297694, 0.080297694, 142801
pko, 2010-08-06, 3.826, 3.826, 3.826, 3.826, 12067
sbu, 2010-08-06, 0.224779, 0.224779, 0.224779, 0.224779, 4298
pch, 2010-08-06, 0.51, 0.51, 0.51, 0.51, 33145
hog, 2010-08-06, 0.13, 0.135, 0.135, 0.13, 103000
prm, 2010-08-06, 30.91462988, 30.91462988, 30.91462988, 30.91462988, 204
pow, 2010-08-06, 2.041080769, 1.951362933, 2.041080769, 1.951362933, 20687
efe, 2010-08-06, 0.1401715, 0.1401715, 0.1401715, 0.1401715, 8586
cgm, 2010-08-06, 0.022, 0.023, 0.023, 0.022, 442000
mtb, 2010-08-06, 0.049, 0.049, 0.049, 0.049, 15714
nxe, 2010-08-06, 398.692352058, 398.692352058, 398.692352058, 383.358030825, 841
trm, 2010-08-06, 0.08, 0.085, 0.088, 0.08, 230000
acs, 2010-08-06, 0.22, 0.21, 0.22, 0.2, 269211
rlc, 2010-08-06, 0.034512, 0.037388, 0.037388, 0.034512, 266629
sam, 2010-08-06, 1.56, 1.56, 1.56, 1.56, 1060
tnp, 2010-08-06, 4.42519378, 4.42519378, 4.42519378, 4.42519378, 1449
uul, 2010-08-06, 0.105, 0.11, 0.11, 0.105, 55060
abl, 2010-08-06, 0.4722692, 0.4722692, 0.4722692, 0.4722692, 25505
ref, 2010-08-06, 0.125, 0.135, 0.135, 0.125, 24642
sys, 2010-08-06, 0.01975, 0.0167875, 0.01975, 0.0167875, 323455
